# callgrind format
version: 1
creator: callgrind-3.18.1
pid: 3225
cmd:  ./hash-table
part: 1


desc: I1 cache: 
desc: D1 cache: 
desc: LL cache: 

desc: Timerange: Basic block 0 - 13954719
desc: Trigger: Program termination

positions: line
events: Ir
summary: 76489864


ob=(2) ???
fl=(51) ???
fn=(610) 0x000000000487e3e0
0 257064
cob=(3) /usr/lib/x86_64-linux-gnu/libc.so.6
cfi=(171) ./string/../sysdeps/x86_64/multiarch/memmove-vec-unaligned-erms.S
cfn=(612) __mempcpy_avx_unaligned_erms
calls=128532 294 
0 2077757

fn=(762) 0x000000000487e670
0 4
cob=(3)
cfi=(193) ./string/../sysdeps/x86_64/multiarch/memset-vec-unaligned-erms.S
cfn=(764) __memset_avx2_unaligned_erms
calls=2 181 
0 90

fn=(164) 0x0000000004002050
0 6
cob=(1) /usr/lib/x86_64-linux-gnu/ld-linux-x86-64.so.2
cfi=(52) ./elf/./elf/dl-error-skeleton.c
cfn=(166) _dl_catch_exception
calls=3 175 
0 9441

fn=(450) 0x000000000487e650
0 38
cob=(1)
cfi=(10) ./elf/./elf/dl-tunables.c
cfn=(24) __tunable_get_val
calls=19 402 
0 391
cob=(1)
cfi=(141) ./elf/../sysdeps/x86_64/dl-trampoline.h
cfn=(456) _dl_runtime_resolve_xsave
calls=1 67 
0 813
0 5

fn=(500) 0x000000000487e5f0
0 2
cob=(3)
cfi=(148) ./string/../sysdeps/x86_64/multiarch/strrchr-avx2.S
cfn=(502) __strrchr_avx2
calls=1 46 
0 34

fn=(582) 0x000000000487e600
0 4
cob=(3)
cfi=(166) ./string/../sysdeps/x86_64/multiarch/strchr-avx2.S
cfn=(584) __strchr_avx2
calls=2 51 
0 42

fn=(622) 0x000000000487e6d0
0 2
cob=(1)
cfi=(49) ./elf/./elf/dl-audit.c
cfn=(626) _dl_audit_preinit
calls=1 117 
0 5
cob=(1)
cfi=(141)
cfn=(456)
calls=1 67 
0 824
0 5

fn=(654) 0x000000000487e370
0 8
cob=(3)
cfi=(155) ./malloc/./malloc/malloc.c
cfn=(656) free
calls=4 3352 
0 224

fn=(684) 0x000000000487e4d0
0 171378
cob=(3)
cfi=(166)
cfn=(686) __strchrnul_avx2
calls=85689 51 
0 1628091

fn=(516) 0x0000000000109000
0 7

fn=(536) 0x000000000487e380
0 10
cob=(3)
cfi=(155)
cfn=(538) malloc
calls=5 3287 
0 2549

fn=(816) 0x000000000487e490
0 83848
cob=(3)
cfi=(199) ./string/../sysdeps/x86_64/multiarch/strlen-avx2.S
cfn=(818) __strlen_avx2
calls=41924 50 
0 587818

fn=(160) 0x0000000004002080
0 2
cob=(1)
cfi=(52)
cfn=(162) _dl_catch_error
calls=1 225 
0 2782

fn=(478) 0x000000000483f000
0 6
cob=(4) /usr/libexec/valgrind/vgpreload_core-amd64-linux.so
cfi=(145) ???
cfn=(482) 0x0000000000001170
calls=1 0 
0 12
0 1
cob=(4)
cfi=(145)
cfn=(490) 0x00000000000012f0
calls=1 0 
0 5
0 2

fn=(728) 0x000000000487e620
0 4
cob=(3)
cfi=(171)
cfn=(614) __memcpy_avx_unaligned_erms
calls=2 307 
0 102553

ob=(1)
fl=(130) ./elf/./dl-find_object.h
fn=(418) _dl_find_object_from_map
95 8
+1 8
+1 4
+6 20
+1 119
+1 82
+2 12
+5 4

fl=(13) ./elf/../sysdeps/unix/sysv/linux/dl-sysdep.c
fn=(100) _dl_discover_osversion
46 5
+2 3
+85 5
-45 2
cfi=(36) ./posix/../sysdeps/unix/syscall-template.S
cfn=(102) uname
calls=1 +32 
* 6
+15 1
-15 2
+20 1
-1 1
+3 12
+4 3
-2 6
+2 10
+3 1
-1 1
+1 3
-3 4
+7 3
-1 3
+4 3
-2 3
+2 10
+5 2

fl=(49)
fn=(206) _dl_audit_objopen
76 2
+1 8

fn=(154) _dl_audit_activity_map
28 6
+2 1
-1 1
+1 2
+6 6

fn=(626)
117 1
+1 4

fn=(466) _dl_audit_activity_nsid
40 2
+4 1
-4 1
+4 1
-4 1
+4 1
-4 2
+4 1
+1 1
+1 4
+4 6

fl=(10)
fn=(54) __GI___tunable_set_val
157 15
-55 5
+55 5
-55 5
+55 5
-55 35
+9 5
+1 5
fi=(203) ./elf/./dl-tunable-types.h
-22 10
fe=(10)
+22 20
+1 40
fi=(11) ./elf/./elf/dl-tunables.h
+8 10
+1 5
fe=(10)
-6 15
fi=(11)
+15 5
fe=(10)
-12 10
+4 10
+7 10
+1 10
+3 30
+1 5
+1 5
+1 5
+24 5
fi=(11)
-30 15
fe=(10)

fn=(18) __GI___tunables_init
279 9
-9 9
71 345
+6 68
-3 136
+3 6736
+4 136
+5 136
fi=(11)
+54 68
fe=(10)
-54 272
fi=(11)
+55 182
-1 161
+1 46
-1 68
+1 136
fe=(10)
320 272
-18 9520
+6 14960
fi=(11)
140 612
+1 1224
-1 84
+1 336
-1 420
fe=(10)
354 8
74 136

fn=(24)
402 33
+3 231
+9 33
-9 126
+9 10
+17 165
+2 33
-9 23
+1 23

fl=(2) ./elf/./elf/rtld.c
fn=(2) _dl_start
527 10
85 1
fi=(6) ./elf/../sysdeps/x86_64/dl-machine.h
-40 1
fe=(2)
557 1
-4 1
85 2
556 1
85 1
fi=(3) ./elf/./get-dynamic-info.h
-40 1
fe=(2)
556 1
fi=(3)
45 2
+9 1
+5 1
+3 1
+2 1
+4 1
-7 1
-3 1
-3 14
+13 4
-23 16
+23 14
-23 56
+4 36
+5 20
+2 5
+3 4
fi=(4) ./elf/../sysdeps/generic/ldsodefs.h
+21 1
fi=(3)
-8 3
+10 4
+1 4
+1 4
+1 4
+2 4
+5 4
+1 4
+1 4
+3 3
+5 2
+7 3
+1 3
+8 2
+1 2
+5 3
+3 3
fe=(2)
573 1
fi=(6)
71 1
fe=(2)
573 42
fi=(6)
414 1
fi=(5) ./elf/./elf/do-rel.h
86 1
fe=(2)
573 2
fi=(5)
49 1
+37 1
-37 1
+37 1
+2 1
-2 1
+2 1
-2 1
+27 2
-27 1
fe=(2)
573 2
fi=(5)
49 1
+37 1
-37 1
+37 1
+2 1
-2 1
+2 1
-2 1
+27 3
+1 2
fi=(6)
534 2
fi=(5)
114 282
fi=(6)
534 282
+1 142
fi=(5)
113 142
fi=(6)
535 284
fi=(5)
113 284
+5 4
+8 7
fi=(6)
326 12
fi=(5)
126 21
+2 7
+2 7
-2 7
fi=(6)
287 7
fi=(5)
130 7
-2 7
+1 14
fi=(6)
287 14
+9 70
+3 14
+27 33
fe=(2)
573 6
fi=(5)
50 1
fi=(4)
+30 2
fi=(6)
326 2
+20 12
+1 6
fe=(2)
575 1
+13 1
cfi=(7) ./elf/./elf/dl-minimal.c
cfn=(12) __rtld_malloc_init_stubs
calls=1 42 
* 10
+4 2
85 1
488 2
85 3
488 1
cfi=(8) ./elf/./elf/dl-setup_hash.c
cfn=(14) _dl_setup_hash
calls=1 25 
* 29
+2 2
-1 1
+1 2
+17 1
-15 1
-2 1
+17 1
-15 1
+9 1
-11 1
+17 1
cfi=(9) ./elf/../elf/dl-sysdep.c
cfn=(16) _dl_sysdep_start
calls=1 85 
* 162670
* 1
+2 2
+98 9
fi=(3)
62 4
+2 4
fe=(2)
573 3

fn=(64) dl_main
1320 2
205 1
311 1
1320 2
2818 1
1320 3
2829 1
1320 2
2698 1
1320 2
311 1
1320 3
207 1
310 1
205 1
+99 3
1332 1
cfi=(24) ./elf/../sysdeps/nptl/dl-tls_init_tp.c
cfn=(66) __tls_pre_init_tp
calls=1 53 
* 17
2677 3
+6 5
-4 1
+4 1
+2 3
cfi=(25) ./elf/./elf/dl-environ.c
cfn=(68) _dl_next_ld_env_entry
calls=1 28 
* 67
* 4
cfi=(25)
cfn=(68)
calls=2 28 
* 378
* 9
+4 6
-2 2
+2 6
+1 2
-1 6
+1 17
-1 89
+9 12
2845 4
+32 2
1348 1
+1 2
-1 2
+1 2
2774 3
+1 3
-56 2
+7 2
1627 9
cfi=(26) ./elf/./elf/dl-object.c
cfn=(70) _dl_new_object
calls=1 59 
* 230
* 1
+2 2
+1 1
+6 2
-6 1
+1 2
+1 3
+4 1
cfi=(26)
cfn=(82) _dl_add_to_namespace_list
calls=1 31 
* 36
+1 2
1140 1
1326 1
1169 1
-29 1
+11 1
+18 2
-21 1
+21 1
-19 1
-4 1
+23 1
-21 1
+21 2
+57 1
-83 1
+23 1
+4 1
+19 1
+22 1
+15 5
-56 116
1275 4
+2 1
1169 18
fi=(30) ./elf/../sysdeps/x86/dl-prop.h
105 2
fe=(2)
1282 22
+6 4
cfi=(31) ./elf/./elf/dl-load.c
cfn=(88) _dl_process_pt_gnu_property
calls=1 868 
* 20
-7 26
+1 13
+6 13
-6 26
fi=(30)
212 4
+1 2
95 8
+10 2
212 1
105 1
-2 1
-3 1
+2 1
+3 1
-4 2
+92 4
-1 1
-87 3
+3 3
+1 2
+1 2
+4 3
+4 3
+3 3
+1 2
+4 1
+1 4
+4 2
+1 1
+3 2
+3 1
+1 4
+5 2
+2 2
+5 2
+14 1
-1 2
+2 2
fe=(2)
1174 1
-5 1
+5 2
-5 2
+30 1
-9 1
+27 1
-27 1
+2 1
-3 1
+10 2
-20 2
-10 1
+10 1
+1 9
-11 2
+57 4
-1 4
+1 8
-1 4
+2 8
+1 1
+2 12
+1 14
+4 8
+1 8
+1 4
+1 10
+1 1
+4 1
-74 1
+74 2
-74 2
+74 3
-74 3
+74 6
-74 6
1271 1
1169 1
1271 1
1169 2
1294 1
+3 2
+2 1
-5 2
+3 2
+2 2
+2 2
1662 3
+2 1
-1 1
+1 2
+1 2
-2 1
+2 1
-2 2
cfi=(32) ./string/../sysdeps/x86_64/strcmp.S
cfn=(90) strcmp
calls=1 108 
* 34
* 2
+7 1
+3 1
-5 1
+3 1
+2 1
+1 2
+4 2
+2 2
fi=(3)
39 3
+6 1
-2 1
+2 2
+9 1
+5 1
+3 1
+2 1
-3 1
-3 1
-3 17
+13 5
-23 20
+23 21
-23 84
+4 52
+5 24
+2 5
+16 3
+25 3
+5 2
+7 2
+1 3
+22 3
+5 2
+2 2
+2 2
+2 2
+1 1
+3 3
+2 3
+1 2
+9 2
+6 2
+1 2
+3 2
fe=(2)
1688 3
+7 2
cfi=(8)
cfn=(14)
calls=1 25 
* 29
+3 2
fi=(33) ./elf/./setup-vdso.h
24 2
fi=(35) ./elf/../sysdeps/unix/sysv/linux/dl-vdso-setup.h
+21 1
fe=(2)
1723 1
cfi=(13)
cfn=(100)
calls=1 46 
* 90
* 8
fi=(37) ./elf/./dl-main.h
109 5
cfi=(31)
cfn=(106) _dl_init_paths
calls=1 706 
* 2926
fe=(2)
1731 3
cfi=(46) ./elf/./elf/dl-debug.c
cfn=(146) _dl_debug_initialize
calls=1 56 
* 30
+7 1
-7 1
+2 1
+5 1
+4 1
+3 1
-3 3
+1 2
+3 1
+5 1
-7 1
+7 1
+1 3
+12 2
+1 2
+5 1
-3 2
+2 1
+1 2
+5 3
+1 5
-1 2
233 1
-1 1
+1 3
+1 2
-2 1
+2 2
1793 2
+5 1
-1 1
+1 1
+24 1
cfi=(47) ./elf/../elf/dl-tls.c
cfn=(148) _dl_count_modids
calls=1 197 
* 6
* 1
fi=(48) ./elf/../sysdeps/generic/dl-debug.h
29 3
+1 2
fe=(2)
1828 2
+1 1
cfi=(46)
cfn=(152) _dl_debug_state
calls=1 116 
* 2
+1 1
+4 3
cfi=(49)
cfn=(154)
calls=1 28 
* 16
+5 3
+2 1
+2 2
+9 2
+16 4
cfi=(65) ./io/../sysdeps/unix/sysv/linux/access.c
cfn=(208) access
calls=1 25 
* 9
* 2
+76 4
+16 3
85 1
1970 1
85 2
1970 2
85 1
1970 5
cfi=(66) ./elf/./elf/dl-deps.c
cfn=(210) _dl_map_object_deps
calls=1 159 
* 8193
92 1
1976 1
92 2
+9 2
1976 2
+1 5
-1 4
+1 6
-1 12
+4 4
+1 3
+1 1
+2 2
+1 4
-1 9
+1 9
+12 3
+1 2
+2 1
+2 3
+2 1
-4 1
+5 1
-1 2
+14 2
+1 2
+1 3
+11 2
+2 1
-2 1
+2 2
-2 1
+1 2
+1 1
-1 2
+1 1
cfi=(52)
cfn=(248) _dl_receive_error
calls=1 238 
* 3827
+10 2
+1 2
+3 2
862 1
fi=(204) ./elf/../sysdeps/unix/sysv/linux/dl-osinfo.h
64 2
fe=(2)
864 1
+6 1
+3 1
+7 1
-5 1
2052 3
2282 3
1778 2
+6 1
-6 2
+6 1
+2 3
fi=(30)
198 4
+2 1
+1 1
+2 1
-3 3
+3 1
fi=(3)
59 4
+3 4
+2 4
fi=(34) ./elf/../sysdeps/unix/sysv/linux/dl-vdso.h
-24 1
+1 2
fe=(2)
2331 1
1325 1
2342 1
-4 2
+10 1
-6 1
+6 1
+3 2
+8 1
fi=(30)
36 1
fe=(2)
2359 1
fi=(30)
37 3
+3 1
+13 6
-13 3
+9 6
-9 1
+9 20
+4 15
-16 12
+34 3
cfi=(76) ./elf/../sysdeps/x86/dl-cet.c
cfn=(268) _dl_cet_check
calls=1 252 
* 30
fe=(2)
2361 2
+54 3
+3 1
85 4
2422 1
+1 19
+2 8
+5 8
+2 8
+6 4
+2 12
+1 24
cfi=(77) ./elf/./elf/dl-reloc.c
cfn=(270) _dl_relocate_object
calls=3 194 
* 87531
+4 10
+1 2
-23 1
+23 1
cfi=(47)
cfn=(412) _dl_add_to_slotinfo
calls=1 1015 
* 28
-23 6
92 3
+1 1
2454 1
93 1
2454 1
+5 4
+2 1
+7 3
cfi=(47)
cfn=(414) _dl_allocate_tls_init
calls=1 528 
* 146
+3 2
fi=(3)
72 2
+10 3
+1 4
+1 4
+1 4
+2 4
+5 4
+1 4
+1 5
fi=(35)
-64 3
+3 1
+3 1
+3 1
fi=(34)
+16 2
fe=(2)
2434 1
+1 1
-3 2
+49 3
+2 4
+10 1
cfi=(129) ./elf/./elf/dl-find_object.c
cfn=(416) _dl_find_object_init
calls=1 561 
* 571
+5 2
cfi=(7)
cfn=(424) __rtld_malloc_init_real
calls=1 76 
* 2372
+3 1
cfi=(133) ./elf/../sysdeps/nptl/dl-mutex.c
cfn=(432) __rtld_mutex_init
calls=1 30 
* 415
85 1
2507 1
+1 3
85 3
2508 2
cfi=(77)
cfn=(270)
calls=1 194 
* 4806
92 3
+9 2
2516 3
cfi=(135) ./elf/./elf/dl-call-libc-early-init.c
cfn=(438) _dl_call_libc_early_init
calls=1 27 
* 1309
+7 1
cfi=(9)
cfn=(464) _dl_sysdep_start_cleanup
calls=1 262 
* 2
+4 3
cfi=(49)
cfn=(466)
calls=1 40 
* 21
+5 2
cfi=(46)
cfn=(186) _dl_debug_update
calls=1 38 
* 7
+1 1
-1 1
+2 1
cfi=(46)
cfn=(152)
calls=1 116 
* 2
+1 1
+4 1
cfi=(68) ./elf/./elf/dl-cache.c
cfn=(468) _dl_unload_cache
calls=1 537 
* 18
+5 8
1741 4
1995 2
+50 2
cfn=(256) init_tls
calls=1 756 
* 784
* 2
2726 4
+2 2
+1 1
+46 2
+2 1
+1 1
-1 1
+1 1
+1 1
85 1
1847 1
85 2
1847 1
85 1
1847 2
cfn=(156) handle_preload_list
calls=1 894 
* 3107
* 1
92 3
+9 3
1948 16
+1 1
-1 1
+4 3
+1 1
+1 2
+1 2
-7 2
fi=(30)
170 3
-39 2
fe=(2)

fn=(256)
756 3
+2 1
+4 1
-4 1
+4 2
+11 1
fi=(28) ./elf/../include/rtld-malloc.h
44 1
fe=(2)
768 1
+4 1
fi=(28)
44 1
cfi=(27) ./elf/./elf/dl-minimal-malloc.c
cfn=(72) __minimal_calloc
calls=1 +34 
* 36
fe=(2)
783 1
-12 1
+6 1
-9 1
+11 1
+4 1
+2 3
-1 2
+3 8
+4 1
+2 1
-2 2
-5 1
-1 2
+10 3
+3 2
cfi=(47)
cfn=(258) _dl_tls_static_surplus_init
calls=1 97 
* 79
+3 1
cfi=(47)
cfn=(260) _dl_determine_tlsoffset
calls=1 221 
* 76
+7 1
cfi=(47)
cfn=(262) _dl_allocate_tls_storage
calls=1 422 
* 442
* 1
+1 2
+6 1
+3 2
-3 1
+3 6
+3 1
cfi=(24)
cfn=(264) __tls_init_tp
calls=1 68 
* 75
+1 1
+3 5
-39 3
-1 7

fn=(156)
894 10
+5 1
-5 2
+5 2
+6 1
-64 1
+54 3
+7 3
cfi=(50) ./string/../sysdeps/x86_64/strcspn.S
cfn=(158) strcspn
calls=1 25 
* 233
* 1
+1 3
+9 1
191 1
914 2
191 2
916 2
-80 1
+5 5
-10 1
+8 1
-4 1
+1 1
+1 1
+4 1
cob=(2)
cfi=(51)
cfn=(160)
calls=1 0 
* 2784
+1 3
+8 3
+67 1
-18 2
+21 9
-15 4
cfi=(29) ./string/../sysdeps/x86_64/multiarch/memmove-vec-unaligned-erms.S
cfn=(80) memcpy
calls=1 212 
* 19
+1 2

fn=(170) map_doit
663 2
+2 1
-2 1
+2 1
+1 2
-1 2
+1 3
cfi=(31)
cfn=(172) _dl_map_object
calls=1 2022 
* 2683
* 1
+2 2

fn=(250) version_check_doit
696 3
+2 4
cfi=(74) ./elf/./elf/dl-version.c
cfn=(252) _dl_check_all_versions
calls=1 361 
* 3799
* 2
+4 2

fl=(29)
fn=(128) mempcpy
199 32
+1 32
+1 32
+1 32
+17 32
+1 32
+2 6
+1 6
+1 6
+2 5
+1 5
+1 5
+2 5
360 26
+1 26
+2 8
+4 8
+1 3
+1 3
+1 2
+1 2
+1 2
+1 2
+2 2
+2 3
+6 5
+1 5
+1 5
+1 5
+1 5
+29 18
+1 18
+1 18
+1 18
+1 18
+7 1
+1 1
+1 1
+1 1
+1 1
+1 1
+1 1
+11 1
+1 1
+2 1
+1 1
+1 1

fn=(80)
212 16
+1 16
+6 16
+1 16
+2 9
+1 9
+1 9
+2 6
+1 6
+1 6
+2 6
360 7
+1 7
+2 1
+4 1
+1 1
+1 1
+1 1
+1 1
+4 1
+2 1
+39 6
+1 6
+1 6
+1 6
+1 6
+7 3
+1 3
+1 3
+1 3
+1 3
+1 3
+1 3
+11 3
+1 3
+2 3
+1 3
+1 3

fl=(16) ./elf/../sysdeps/x86/cpu-features.c
fn=(40) update_active.constprop.0
43 7
+45 1
-41 1
+28 1
-18 1
+31 1
+4 1
-36 1
-1 1
+37 1
-26 1
-11 1
+1 1
+36 2
+1 1
-17 1
-21 1
+25 1
-4 1
-11 1
+28 1
-1 1
-36 1
+18 1
+19 1
-13 1
-4 1
-11 1
+19 1
+11 1
-3 1
-12 1
+14 1
-29 1
+18 1
+9 1
-18 1
+13 1
-13 1
-9 1
+29 2
+3 1
-14 1
-9 1
+9 1
+4 1
+10 1
-17 1
+7 1
+5 1
+5 1
+1 1
-1 1
+1 2
+2 2
+1 4
+3 1
+1 1
-1 1
+1 1
-1 1
+1 1
-1 1
+1 1
+4 2
+4 2
+2 4
+83 3
+12 2
+1 1
+3 3
+4 1
-4 1
+4 1
+67 3
+4 3
fi=(18) ./elf/../sysdeps/x86/get-isa-level.h
31 1
-3 1
+3 1
-1 2
fe=(16)
296 1
+1 8
-75 3
+1 2
+3 1
-1 1
+9 1
-5 1
+2 1
-2 1
+5 1
fi=(18)
32 3
+4 3
fe=(16)
+83 2
+2 1
+3 2
+10 1
+10 1
-10 1
+10 1
-10 1
+6 1
+4 1
-4 1
-6 1
+6 1
+2 1
-2 1
+2 3
+7 4
fi=(18)
39 3
+1 4
+5 1
-7 1
+7 3
+2 1
+1 2
+1 3
+2 4
+1 2
+1 2
+6 1
-4 1
+4 1
-3 2
fe=(16)
+75 1
-5 2
+4 1

fn=(34) init_cpu_features.constprop.0
399 1
+16 1
-16 6
+3 1
+1 1
+1 1
+11 2
+3 6
593 1
+94 5
+1 1
+3 2
+1 1
+6 1
+3 1
fi=(19) ./elf/../sysdeps/x86/dl-cacheinfo.h
+5 1
+2 1
fe=(16)
-9 1
fi=(19)
+23 2
840 1
+34 1
-34 17
+33 2
+25 2
+21 2
-21 2
+13 3
+8 1
-8 1
+8 1
cfi=(10)
cfn=(24)
calls=1 402 
* 21
* 1
+2 2
+3 4
cfi=(10)
cfn=(24)
calls=1 402 
* 21
* 1
+5 2
-3 2
+3 2
cfi=(10)
cfn=(24)
calls=1 402 
* 21
* 1
+2 2
+3 4
cfi=(10)
cfn=(24)
calls=1 402 
* 21
* 1
+1 2
+22 1
-16 4
+3 3
-3 1
cfi=(10)
cfn=(24)
calls=1 402 
* 21
+3 3
-3 2
+3 10
cfi=(10)
cfn=(54)
calls=1 157 
* 58
+1 8
cfi=(10)
cfn=(54)
calls=1 157 
* 58
+1 9
cfi=(10)
cfn=(54)
calls=1 157 
* 58
+2 8
cfi=(10)
cfn=(54)
calls=1 157 
* 58
+2 9
cfi=(10)
cfn=(54)
calls=1 157 
* 58
+4 2
fe=(16)
706 1
fi=(19)
954 2
fe=(16)
706 2
fi=(19)
954 4
fe=(16)
706 1
cfi=(10)
cfn=(24)
calls=1 402 
* 19
+4 3
+14 1
-1 2
+1 3
+47 1
-1 1
+1 1
+46 4
cfi=(10)
cfn=(24)
calls=1 402 
* 19
+2 4
cfi=(10)
cfn=(24)
calls=1 402 
* 19
fi=(21) ./elf/../sysdeps/unix/sysv/linux/x86/cpu-features.c
27 6
fe=(16)
829 2
+45 8
fi=(19)
+7 11
fe=(16)
775 3
+27 2
-10 2
+1 2
+2 3
+1 2
+2 3
+1 2
fi=(19)
-75 3
cfn=(46) handle_intel.constprop.0
calls=1 255 
* 437
+1 1
-1 2
+1 1
cfn=(46)
calls=1 255 
* 478
+1 1
-1 1
+1 1
cfn=(46)
calls=1 255 
* 503
+3 1
-3 2
+3 1
cfn=(46)
calls=1 255 
* 459
+2 1
-2 1
+2 1
cfn=(46)
calls=1 255 
* 451
+3 1
-2 1
-1 1
+3 1
cfn=(46)
calls=1 255 
* 428
+2 1
-2 1
+2 1
cfn=(46)
calls=1 255 
* 429
+3 1
-2 1
-1 1
+3 1
cfn=(46)
calls=1 255 
* 469
+2 1
-2 1
+2 1
cfn=(46)
calls=1 255 
* 470
+3 1
-3 1
+3 1
cfn=(46)
calls=1 255 
* 494
+2 1
-2 1
+2 1
cfn=(46)
calls=1 255 
* 495
+2 1
-2 1
+2 1
cfn=(46)
calls=1 255 
* 790
+2 3
-2 1
+2 1
cfn=(52) get_common_cache_info.constprop.0
calls=1 481 
* 215
863 11
fe=(16)
424 6
cfn=(36) get_common_indices.constprop.0
calls=1 -99 
* 71
303 3
+1 2
+1 6
+5 2
+1 6
+5 2
+1 6
429 1
cfn=(40)
calls=1 43 
* 194
+2 1
+2 1
+83 1
-85 2
564 2
+7 2
+2 1
+4 2
+6 2
422 2
-3 1
+14 3
+1 4
+69 1
+10 11
+42 1
+1 1
434 11
+55 3

fn=(36)
325 1
+4 4
+3 3
+5 2
-5 1
+5 1
-5 1
+4 1
+1 1
+1 4
+1 4
+1 3
+1 2
+7 2
+2 5
+5 1
-5 1
+5 1
-5 1
+5 1
-5 2
+5 1
+7 1
-7 4
+7 1
+1 3
+6 1
-6 4
+6 1
fi=(17) ./elf/../sysdeps/unix/sysv/linux/x86/dl-minsigstacksize.h
24 2
+3 2
+1 2
+37 3
+7 1
+2 1
fe=(16)
384 2

fl=(38) ./elf/./elf/dl-hwcaps.c
fn=(108) _dl_important_hwcaps
175 5
+1 1
-1 6
+1 1
-1 1
+1 1
-1 1
+1 1
-1 1
+1 2
cfi=(10)
cfn=(24)
calls=1 402 
* 21
* 1
+2 2
+1 3
+26 2
-26 1
+25 1
cfi=(39) ./elf/../sysdeps/x86_64/dl-hwcaps-subdirs.c
cfn=(110) _dl_hwcaps_subdirs_active
calls=1 29 
* 47
fi=(40) ./elf/./dl-hwcaps.h
54 1
fe=(38)
205 1
-1 1
fi=(40)
56 1
+32 1
+1 1
+1 1
fe=(38)
-35 2
cfi=(41) ./elf/./elf/dl-hwcaps_split.c
cfn=(116) _dl_hwcaps_split_masked
calls=1 -4 
* 13
* 2
fi=(40)
-1 1
+2 2
-2 1
+34 2
+1 2
+1 1
fe=(38)
-32 2
-1 2
+1 2
+1 2
-1 2
-3 4
cfi=(41)
cfn=(116)
calls=2 -4 
* 114
* 2
cfi=(41)
cfn=(116)
calls=1 -4 
* 122
* 6
+48 5
fi=(28)
-47 1
cfi=(27)
cfn=(76) __minimal_malloc
calls=1 -21 
* 25
fe=(38)
+47 1
+2 2
+3 2
fi=(40)
-52 1
fe=(38)
+55 1
-3 1
fi=(40)
-54 2
+3 1
fe=(38)
+58 2
cfi=(41)
cfn=(122) _dl_hwcaps_split
calls=1 -90 
* 12
* 2
fi=(40)
-61 1
+2 2
-2 1
+34 2
+1 2
+1 1
fe=(38)
+40 4
+1 2
-1 6
+2 2
+1 2
-2 6
-3 4
cfi=(41)
cfn=(116)
calls=2 -77 
* 114
* 2
cfi=(41)
cfn=(116)
calls=1 -77 
* 122
* 6
+8 2
+9 1
-15 1
+15 2
-15 1
+15 8
+9 2
+4 7
cfi=(43) ./string/../sysdeps/x86_64/memcmp.S
cfn=(124) bcmp
calls=1 22 
* 41
+1 2
+1 1
+4 1
+1 2
+1 1
-20 2
+19 1
+1 1
-20 2
-1 4
+70 1
+1 1
+4 1
-5 2
+1 4
+4 2
-4 1
+4 4
+1 1
-1 1
+1 2
+1 2
-2 5
+1 1
-1 1
+1 2
+1 2
-2 5
+5 1
+3 2
-3 2
+3 15
+7 1
-7 2
+2 3
+1 4
+2 1
fi=(205) ./elf/../sysdeps/x86/dl-hwcap.h
57 1
fe=(38)
233 2
fi=(205)
57 1
fe=(38)
233 2
fi=(205)
57 1
fe=(38)
233 1
+1 1
cfi=(22) ./string/../sysdeps/x86_64/multiarch/strlen-vec.S
cfn=(60) strlen
calls=1 41 
* 17
+1 1
+1 1
-6 1
+4 1
+1 1
-5 1
+5 1
+1 1
-1 2
-5 4
+10 3
-2 3
+2 1
+1 1
+1 1
-1 1
+4 4
+1 1
-1 1
+4 2
+4 1
-1 1
+1 4
-1 2
+4 3
+1 3
+19 10
+6 2
fi=(28)
56 1
cfi=(27)
cfn=(76)
calls=1 -21 
* 25
* 1
fe=(38)
283 2
+8 1
fi=(40)
54 1
+2 1
+34 1
-2 2
fe=(38)
-5 1
291 1
fi=(40)
54 1
+35 1
fe=(38)
291 1
fi=(40)
90 1
fe=(38)
-10 2
cfi=(41)
cfn=(116)
calls=1 -29 
* 13
* 2
fi=(40)
-26 2
+2 1
fe=(38)
+27 1
fi=(40)
-29 1
+34 2
+1 2
+1 1
fe=(38)
-8 2
+1 4
+7 2
-7 10
cfi=(29)
cfn=(128)
calls=2 199 
* 26
+4 2
+2 2
+2 2
-2 4
-9 4
cfi=(41)
cfn=(116)
calls=2 -29 
* 114
* 2
cfi=(41)
cfn=(116)
calls=1 -29 
* 122
* 6
304 1
+2 1
-2 1
-48 2
+72 1
-72 1
376 2
+13 2
-58 1
+45 1
+13 1
-58 1
-75 1
+82 1
+10 2
-92 1
+88 1
+4 3
-4 1
+3 7
-3 2
-3 1
+3 1
cfi=(29)
cfn=(128)
calls=1 199 
* 18
* 2
-3 1
+3 1
cfi=(29)
cfn=(128)
calls=1 199 
* 18
* 2
+3 2
-3 4
+3 5
+1 12
+1 2
-2 1
+2 1
cfi=(29)
cfn=(128)
calls=1 199 
* 15
* 2
-2 2
+5 8
cfi=(29)
cfn=(128)
calls=2 199 
* 30
* 4
+2 5
+5 6
+1 1
-1 3
+1 7
-1 25
+5 11
+4 1
-1 1
+1 2
-4 12
+4 2
-1 2
+1 13
-1 9
+1 18
+1 24
-1 12
-1 12
+2 24
-1 24
-1 24
+4 9
+3 1
+2 2
-1 1
-1 1
+2 1
-2 1
+2 2
-1 1
+1 2
+2 6
+1 2
+3 2
-6 2
+6 3
+7 8
+1 1
-1 2
+3 2
-3 3
+1 3
-1 6
+3 6
+3 4
-80 2
+86 9
-20 1
+1 2
-6 3
259 2
+1 2
+1 4
-1 3
+12 4
-44 2
+34 4
-2 3

fl=(43)
fn=(124)
22 1
+5 1
+1 1
+1 1
+1 1
+1 1
+1 1
+1 1
+1 1
+3 1
+1 1
+1 1
+1 1
+1 1
+1 1
+1 1
+1 1
+1 1
+2 1
+1 1
+17 1
+1 1
+17 1
+1 1
+1 1
+1 1
+1 1
+4 1
+47 1
+1 1
+1 1
+1 1
+1 1
+1 1
+1 1
+1 1
+1 1
+1 1
+1 1
+1 1
+1 1

fl=(53) ./setjmp/../sysdeps/x86_64/setjmp.S
fn=(168) __sigsetjmp
30 3
+2 3
+9 3
+1 6
+1 3
+4 3
+1 3
+1 3
+1 3
+1 3
+2 6
+2 3
+1 3
+1 3
+2 6
+2 3
+8 3
+3 3
+1 3
+7 3
+1 3

fl=(14) ./elf/../sysdeps/unix/sysv/linux/brk.c
fn=(28) brk
35 1
+1 3
+1 2
+6 1
+1 1

fl=(67) ./io/../sysdeps/unix/sysv/linux/stat64.c
fn=(220) stat
28 20
+1 40
cfi=(59) ./io/../sysdeps/unix/sysv/linux/fstatat64.c
cfn=(192) fstatat
calls=10 153 
* 98

fl=(77)
fn=(270)
194 8
+14 4
-14 36
+16 4
-16 8
+14 4
+2 8
+3 4
-1 4
+1 8
+19 8
+6 20
-34 6
+38 6
+7 12
fi=(6)
71 10
+6 4
+4 3
+14 1
-8 1
+8 2
+20 2
+4 5
-2 2
fe=(77)
288 160
-83 1
fi=(6)
474 4
fe=(77)
205 2
+83 2
fi=(5)
49 1
fe=(77)
288 1
fi=(5)
60 1
-11 2
+11 2
fe=(77)
288 3
-83 3
fi=(6)
474 12
fe=(77)
205 6
+83 6
fi=(5)
49 3
fe=(77)
288 3
fi=(5)
60 3
-11 6
+11 6
fe=(77)
288 8
fi=(5)
49 4
fe=(77)
288 4
fi=(5)
60 4
-11 8
+11 8
-7 1
-1 1
+11 8
fi=(6)
545 28
+4 28
+3 42
+1 14
fi=(5)
63 42
+2 216
+2 120
-4 120
+13 6
+1 8
+1 80
fi=(6)
545 40
+34 80
+2 40
cob=(3)
cfi=(127) ./string/../sysdeps/x86_64/multiarch/rawmemchr.c
cfn=(406) rawmemchr
calls=1 31 
* 23
cob=(3)
cfi=(126) ./string/../sysdeps/x86_64/multiarch/strncase.c
cfn=(404) strncasecmp
calls=1 31 
* 7
cob=(3)
cfi=(125) ./string/../sysdeps/x86_64/multiarch/mempcpy.c
cfn=(400) mempcpy
calls=1 33 
* 22
cob=(3)
cfi=(124) ./string/../sysdeps/x86_64/multiarch/strspn.c
cfn=(398) strspn
calls=1 29 
* 7
cob=(3)
cfi=(122) ./string/../sysdeps/x86_64/multiarch/memchr.c
cfn=(394) memchr
calls=1 29 
* 23
cob=(3)
cfi=(121) ./string/../sysdeps/x86_64/multiarch/stpcpy.c
cfn=(390) stpcpy
calls=1 33 
* 17
cob=(3)
cfi=(119) ./wcsmbs/../sysdeps/x86_64/multiarch/wmemcmp.c
cfn=(386) wmemcmp
calls=1 29 
* 22
cob=(3)
cfi=(118) ./string/../sysdeps/x86_64/multiarch/strncpy.c
cfn=(382) strncpy
calls=1 29 
* 17
cob=(3)
cfi=(117) ./string/../sysdeps/x86_64/multiarch/strlen.c
cfn=(378) strlen
calls=1 29 
* 21
cob=(3)
cfi=(116) ./string/../sysdeps/x86_64/multiarch/strcasecmp_l.c
cfn=(376) strcasecmp_l
calls=1 31 
* 7
cob=(3)
cfi=(115) ./string/../sysdeps/x86_64/multiarch/strcpy.c
cfn=(372) strcpy
calls=1 29 
* 17
cob=(3)
cfi=(114) ./string/../sysdeps/x86_64/multiarch/strchrnul.c
cfn=(368) strchrnul
calls=1 31 
* 21
cob=(3)
cfi=(113) ./string/../sysdeps/x86_64/multiarch/memrchr.c
cfn=(364) memrchr
calls=1 29 
* 21
cob=(3)
cfi=(111) ./wcsmbs/../sysdeps/x86_64/multiarch/wmemset.c
cfn=(360) wmemset
calls=2 31 
* 38
cob=(3)
cfi=(109) ./string/../sysdeps/x86_64/multiarch/memcmp.c
cfn=(356) bcmp
calls=1 29 
* 22
cob=(3)
cfi=(108) ./string/../sysdeps/x86_64/multiarch/strncase_l.c
cfn=(354) strncasecmp_l
calls=1 31 
* 7
cob=(3)
cfi=(107) ./string/../sysdeps/x86_64/multiarch/strcat.c
cfn=(350) strcat
calls=1 29 
* 17
cob=(3)
cfi=(106) ./wcsmbs/../sysdeps/x86_64/multiarch/wcscpy.c
cfn=(348) wcscpy
calls=1 43 
* 7
cob=(3)
cfi=(105) ./string/../sysdeps/x86_64/multiarch/strcspn.c
cfn=(346) strcspn
calls=1 29 
* 7
cob=(3)
cfi=(104) ./string/../sysdeps/x86_64/multiarch/strcasecmp.c
cfn=(344) strcasecmp
calls=1 31 
* 7
cob=(3)
cfi=(103) ./string/../sysdeps/x86_64/multiarch/strncmp.c
cfn=(342) strncmp
calls=1 66 
* 17
cob=(3)
cfi=(101) ./wcsmbs/../sysdeps/x86_64/multiarch/wmemchr.c
cfn=(338) wmemchr
calls=2 31 
* 46
cob=(3)
cfi=(99) ./string/../sysdeps/x86_64/multiarch/stpncpy.c
cfn=(334) stpncpy
calls=1 31 
* 17
cob=(3)
cfi=(98) ./wcsmbs/../sysdeps/x86_64/multiarch/wcscmp.c
cfn=(330) wcscmp
calls=1 30 
* 21
cob=(3)
cfi=(97) ./string/../sysdeps/x86_64/multiarch/memmove.c
cfn=(326) memmove
calls=2 29 
* 44
cob=(3)
cfi=(96) ./string/../sysdeps/x86_64/multiarch/strrchr.c
cfn=(322) rindex
calls=1 28 
* 21
cob=(3)
cfi=(95) ./string/../sysdeps/x86_64/multiarch/strchr.c
cfn=(320) index
calls=1 61 
* 19
cob=(3)
cfi=(93) ./wcsmbs/../sysdeps/x86_64/multiarch/wcschr.c
cfn=(316) wcschr
calls=2 31 
* 42
cob=(3)
cfi=(91) ./string/../sysdeps/x86_64/multiarch/memcpy.c
cfn=(312) memcpy@@GLIBC_2.14
calls=1 29 
* 22
cob=(3)
cfi=(90) ./wcsmbs/../sysdeps/x86_64/multiarch/wcslen.c
cfn=(308) wcslen
calls=1 29 
* 19
cob=(3)
cfi=(88) ./string/../sysdeps/x86_64/multiarch/memset.c
cfn=(304) memset
calls=1 29 
* 24
cob=(3)
cfi=(86) ./wcsmbs/../sysdeps/x86_64/multiarch/wcsnlen.c
cfn=(300) wcsnlen
calls=1 29 
* 19
cob=(3)
cfi=(85) ./string/../sysdeps/x86_64/multiarch/strcmp.c
cfn=(298) strcmp
calls=1 65 
* 17
cob=(3)
cfi=(84) ./string/../sysdeps/x86_64/multiarch/strpbrk.c
cfn=(296) strpbrk
calls=1 29 
* 7
cob=(3)
cfi=(82) ./string/../sysdeps/x86_64/multiarch/strnlen.c
cfn=(292) strnlen
calls=2 31 
* 42
-36 40
+37 40
fi=(5)
77 121
fe=(77)
288 32
+3 24
+24 4
+3 8
+17 12
+2 32
-98 8
+3 2
+7 4
-9 2
fi=(5)
86 14
+2 14
+12 7
-14 28
+14 14
+10 10
+3 13
+1 3
fi=(6)
529 3
fi=(5)
114 3
fi=(6)
529 6
fi=(5)
114 1203
fi=(6)
529 1203
fi=(5)
114 1203
fi=(6)
529 2406
+5 2412
+1 1206
fi=(5)
113 1206
fi=(6)
535 1206
-5 1206
fi=(5)
113 2412
+7 28
+4 20
+2 10
-73 3
fi=(6)
484 3
fi=(5)
52 3
fi=(6)
484 6
fi=(5)
128 6
+1 3
+1 3
-2 3
+2 3
+3 3
-5 3
+2 3
-2 3
+1 6
+2 3
-2 3
+2 9
+2 6
-5 240
+1 120
+1 120
-2 120
+2 120
+3 120
-5 120
+2 120
-2 120
+1 240
+2 120
-2 120
+2 360
+2 240
+9 121
fi=(6)
262 242
+21 242
+4 242
+7 484
fi=(4)
138 315
fi=(6)
294 4068
cfi=(78) ./elf/./elf/dl-lookup.c
cfn=(278) _dl_lookup_symbol_x
calls=102 840 
* 57449
* 918
+2 315
+30 718
450 309
fi=(5)
145 343
-19 369
+32 15
+1 6
fi=(6)
294 2
+22 2
-22 4
fi=(5)
160 6
+3 2
+4 2
-4 2
+4 4
-2 2
-2 2
+2 2
+1 2
-1 4
fi=(6)
294 8
508 2
-1 4
+1 4
+1 2
cfi=(15) ./elf/../sysdeps/x86/dl-get-cpu-features.c
cfn=(436) __x86_cpu_features
calls=1 71 
* 6
cob=(3)
cfi=(80) ./string/../sysdeps/x86/cacheinfo.c
cfn=(288) __x86_cacheinfo
calls=1 86 
* 28
+1 2
fi=(5)
159 2
fi=(6)
510 2
fi=(5)
159 8
-14 3
+1 81
fi=(6)
490 3
+5 2
-1 3
+1 2
-1 1
cfi=(29)
cfn=(80)
calls=1 212 
* 11
+2 4
+1 1
-75 51
+4 68
+5 17
+9 17
-9 34
+9 17
fi=(5)
145 66
fi=(6)
296 166
+3 118
-3 118
+3 236
+2 20
+3 8
+1 12
+11 8
+7 4
cob=(3)
cfi=(107)
cfn=(350)
calls=1 29 
* 17
cob=(3)
cfi=(85)
cfn=(298)
calls=1 65 
* 17
cob=(3)
cfi=(117)
cfn=(378)
calls=1 29 
* 21
cob=(3)
cfi=(115)
cfn=(372)
calls=1 29 
* 17
* 12
+3 8
fi=(5)
135 10
+3 2
fi=(6)
296 102
+3 102
-3 220
+3 4
fi=(5)
50 8
fe=(77)
308 14
fi=(6)
-14 29
fe=(77)
+49 20
+3 4
-3 4
+3 4
+4 8
+1 16
cfi=(128) ./misc/../sysdeps/unix/syscall-template.S
cfn=(410) mprotect
calls=4 117 
* 24
* 8
-63 6
fi=(5)
53 2
175 7
+2 2
+1 2
-1 1
+3 1
-3 4
+3 2
-3 10
+1 10
-1 5
+3 5
-3 20
+3 10
+8 6
fi=(6)
+74 12
+21 12
+4 12
+7 24
fi=(4)
138 18
fi=(6)
294 204
cfi=(78)
cfn=(278)
calls=6 840 
* 3251
* 54
+2 18
+30 36
450 12
fi=(5)
191 18
-16 18
+30 4
fi=(6)
+91 2
+3 2
-3 2
+3 4
-3 2
+3 2
-3 4
fe=(77)

fl=(7)
fn=(428) lookup_malloc_symbol
61 8
+3 4
-3 16
+3 4
-3 4
+3 8
-1 4
+1 12
cfi=(78)
cfn=(278)
calls=4 840 
* 2104
+4 28
+1 28
+2 4
fi=(132) ./elf/./dl-sym-post.h
-30 8
+12 12
fe=(7)
+19 20

fn=(136) strsep
239 2
+3 4
+2 2
+1 4
+4 33
+7 84
-2 56
+13 1
+4 4
-22 14
+15 14
-15 30

fn=(12)
42 1
+1 2
+1 2
+1 2
+1 2
+1 1

fn=(424)
76 2
+10 1
fi=(131) ./elf/../sysdeps/generic/dl-hash.h
-41 1
fe=(7)
+31 1
fi=(131)
-32 1
fe=(7)
+32 5
+11 1
-1 1
fi=(131)
-43 1
+5 3
+14 4
-17 3
+3 15
+14 20
-17 15
fe=(7)
+46 2
fi=(131)
-24 1
fe=(7)
+22 1
+2 2
fi=(131)
-19 1
fe=(7)
+19 1
cfn=(428)
calls=1 -30 
* 575
+1 3
-1 1
+1 1
cfn=(428)
calls=1 -31 
* 575
+1 3
-1 1
+1 1
cfn=(428)
calls=1 -32 
* 561
+1 3
-1 1
+1 1
cfn=(428)
calls=1 -33 
* 553
+5 1
+1 1
+1 1
+1 1
+1 7

fl=(22)
fn=(60)
41 16
+44 16
+1 16
+1 16
+1 16
+1 16
+1 16
+1 16
+2 16
+2 16
+31 16
+1 16
+1 16
+1 16
+1 16
+1 10
+2 10
+4 6
+1 6
+1 6
+1 6
+1 6
+1 6
+1 6
+1 6
+1 6
+1 6
+1 6
+1 6
+5 48

fl=(23) ./elf/../misc/sbrk.c
fn=(62) sbrk
37 5
+3 1
+18 2
+4 2
+16 5

fl=(68)
fn=(230) _dl_cache_libcmp
370 9
+1 9
+32 9
-33 18
+1 20
+2 44
+2 44
-2 88
+20 86
+2 86
-12 35
+2 35
+14 35
+1 35
-29 70
+32 3
-28 2
+8 1
-2 2
+1 2
-1 1
+2 3
+2 1
-3 1
+3 3
+2 2
+9 24

fn=(222) _dl_load_cache_lookup
416 10
+2 2
+3 3
+74 1
208 1
495 2
+3 3
fi=(70) ./elf/../sysdeps/x86/dl-procinfo.h
39 2
+3 3
cfi=(32)
cfn=(90)
calls=1 +66 
* 25
* 4
fe=(68)
212 6
cfi=(10)
cfn=(24)
calls=1 402 
* 21
* 1
+16 2
-16 1
+6 2
+10 1
-7 5
+9 3
+1 1
-37 2
+37 1
+4 2
-5 21
+1 7
-37 14
+37 7
+4 14
+4 24
cfn=(230)
calls=8 370 
* 594
+1 16
359 7
+3 8
228 8
360 3
228 9
+2 5
+20 2
+3 2
+2 4
cfn=(230)
calls=1 370 
* 74
* 2
-7 2
-30 2
+1 1
+95 1
-95 1
-1 8
+96 3
-47 2
+10 2
+1 3
fi=(69) ./elf/../sysdeps/generic/dl-cache.h
125 5
fe=(68)
294 2
+9 2
+3 2
+2 3
+1 2
+5 2
+1 4
+7 2
+21 4
513 2
+12 2
cfi=(22)
cfn=(60)
calls=1 41 
* 35
* 12
+1 1
-1 1
+1 1
-1 1
+1 1
cfi=(29)
cfn=(80)
calls=1 212 
* 11
* 1
+1 1
cfi=(45) ./string/./string/strdup.c
cfn=(140) strdup
calls=1 40 
* 89
+1 8
-3 2
424 4
cfi=(54) ./elf/./elf/dl-misc.c
cfn=(224) _dl_sysdep_read_whole_file
calls=1 36 
* 91
* 1
+8 5
+1 8
+3 4
+1 1
-1 3
fi=(69)
194 1
+1 5
fe=(68)
444 1
+1 2

fn=(468)
537 1
+1 4
-1 1
+3 2
cfi=(128)
cfn=(470) munmap
calls=1 117 
* 6
+1 1
+4 1
+2 2

fl=(27)
fn=(72)
78 8
+4 8
-4 32
+7 8
+1 24
fi=(28)
-30 8
cfi=(27)
cfn=(76)
calls=8 -21 
* 235
fe=(27)

fn=(76)
35 120
+1 24
+11 24
-11 48
+11 48
+3 24
-3 24
+3 136
+18 24
+1 24
+2 96
-16 8
+1 4
+2 2
+1 14
cfi=(60) ./misc/../sysdeps/unix/sysv/linux/mmap64.c
cfn=(194) mmap
calls=2 -12 
* 18
* 2
+2 4
+2 4
+2 2
+4 2
-4 4
-23 1
-1 1
+1 1
+1 2
-2 2

fn=(144) __minimal_free
95 3
+2 12

fl=(54)
fn=(224)
36 2
+3 1
-3 6
+3 1
-3 1
+3 1
cfi=(55) ./io/../sysdeps/unix/sysv/linux/open64_nocancel.c
cfn=(178) __open_nocancel
calls=1 -11 
* 19
+1 2
+23 7
-21 4
cfi=(58) ./io/../sysdeps/unix/sysv/linux/fstat64.c
cfn=(190) fstat
calls=1 -13 
* 15
* 2
+2 2
+3 2
+13 2
cfi=(64) ./io/../sysdeps/unix/sysv/linux/close_nocancel.c
cfn=(204) __GI___close_nocancel
calls=1 -35 
* 6
* 1
-11 6
cfi=(60)
cfn=(194)
calls=1 -2 
* 9
* 2

fn=(174) _dl_name_match_p
68 84
+1 28
cfi=(32)
cfn=(90)
calls=14 +39 
* 500
* 28
+3 14
+2 28
+6 15
-6 30
+1 54
cfi=(32)
cfn=(90)
calls=18 +33 
* 728
* 36
+8 3
-13 3
+13 20
-1 11
+1 33

fl=(142) ./elf/./elf/dl-runtime.c
fn=(458) _dl_fixup
46 16
+2 10
+1 2
+6 2
fi=(206) ./elf/../sysdeps/x86_64/dl-runtime.h
-27 2
fe=(142)
+21 2
+5 2
+1 2
-6 2
+6 4
+1 2
+2 2
-2 2
+2 2
-2 10
+7 4
+4 4
+4 6
+4 6
+1 8
-7 8
+16 2
-1 2
+1 4
+10 20
cfi=(78)
cfn=(278)
calls=2 840 
* 1363
* 2
+4 10
+10 20
+15 8
+9 6
+26 6
fi=(6)
+70 2
fe=(142)
-66 12

fl=(26)
fn=(70)
59 42
+3 6
+18 2
+3 2
-3 2
+3 2
cfi=(22)
cfn=(60)
calls=2 -42 
* 52
+4 4
-4 4
+9 4
fi=(28)
-48 6
cfi=(27)
cfn=(72)
calls=2 +34 
* 100
fe=(26)
+48 1
fi=(28)
-48 3
cfi=(27)
cfn=(72)
calls=1 +34 
* 43
* 3
fe=(26)
+51 6
+5 3
-2 3
+6 3
-4 3
+4 3
-5 3
+4 3
+1 3
-1 3
+1 6
cfi=(29)
cfn=(80)
calls=3 212 
* 44
* 6
+2 3
+13 6
+6 1
+2 7
+3 2
-3 14
+3 4
+9 3
-7 3
+4 3
+3 15
+2 1
-2 3
+2 15
-2 45
+16 6
-5 3
+5 3
-6 3
+6 3
-6 3
+6 6
+2 4
+3 4
-3 4
+7 8
+4 4
+8 2
+3 2
+10 3
-10 4
+10 6
+2 2
+21 2
-21 2
cfi=(22)
cfn=(60)
calls=2 41 
* 70
* 6
+17 2
-13 6
+50 6
cfi=(29)
cfn=(128)
calls=2 -46 
* 34
* 2
+5 4
+1 4
-1 80
+1 80
+2 4
+3 2
+3 2
+4 27
131 8
-12 4
+34 1
+7 4
+8 8
fi=(28)
56 4
cfi=(27)
cfn=(76)
calls=2 -21 
* 50
* 2
fe=(26)
200 8
64 2
+2 3
+1 2
+10 5
-6 2

fn=(82)
31 6
+2 3
-2 6
+2 3
-2 6
+2 3
cfi=(24)
cfn=(84) rtld_mutex_dummy
calls=3 +9 
* 9
+2 23
+3 20
+2 2
+2 2
+4 2
+4 2
-4 4
+1 2
+4 2
-4 2
+1 2
+3 2
-3 2
+3 2
-1 2
cfi=(24)
cfn=(84)
calls=2 -8 
* 6
-4 1
+4 1
-4 2
+1 1
+4 1
-4 1
+1 1
+3 1
-3 1
+3 1
-1 1
cfi=(24)
cfn=(84)
calls=1 -8 
* 3
-5 2

fl=(39)
fn=(110)
29 1
fi=(18)
+2 1
fe=(39)
+7 1
fi=(18)
-7 2
-1 2
fe=(39)
+22 1
fi=(18)
-20 3
+4 1
fe=(39)
+2 1
fi=(18)
-2 2
+3 4
+1 4
+5 1
fe=(39)
-7 1
fi=(18)
+7 3
fe=(39)
-2 1
fi=(18)
+5 2
+1 3
+2 4
+1 2
+1 2
+6 1
fe=(39)
-11 1
fi=(18)
+11 1
-3 2
fe=(39)

fl=(59)
fn=(192)
153 26
-55 26
+70 30
+1 4
-2 18
+1 18

fl=(50)
fn=(158)
25 1
+2 1
+7 1
+1 1
+2 1
+1 1
+1 1
+1 1
+1 33
+3 3
+7 1
+1 1
+1 1
+1 1
+2 1
+1 1
+1 1
+1 1
+2 1
+1 1
+1 1
+9 3
+12 1
+2 1
+1 1
+1 1
-4 12
+2 12
+1 12
+1 12
+2 13
+1 13
+1 13
+2 13
+1 13
+1 13
+2 13
+1 13
+1 13
+2 1
+1 1
+1 1
+2 1
+7 1
+4 1

fl=(72) ./malloc/./malloc/scratch_buffer_set_array_size.c
fn=(238) __libc_scratch_buffer_set_array_size
30 20
+4 2
+1 4
+11 2
-1 4
+18 8

fl=(9)
fn=(16)
85 4
+25 1
-25 6
+25 1
-1 1
+1 213
+11 1
-8 1
+1 1
-4 1
+3 1
+6 1
+2 13
-34 1
-1 1
+36 113
+3 1
+1 1
-5 85
+57 1
-57 1
+58 1
-1 1
-57 3
+29 1
-29 1
+30 1
-1 1
-29 3
+41 1
-41 1
+42 1
-1 1
-41 3
+35 1
-35 1
+36 1
-1 1
-35 3
+32 1
-32 1
+33 1
-1 1
-32 4
+13 1
-13 1
+14 1
-1 1
-13 3
+10 1
-10 1
+11 1
-1 1
-10 3
+7 1
-7 4
224 1
cfi=(10)
cfn=(18)
calls=1 +55 
* 36080
+3 1
cfi=(12) ./elf/./elf/dl-sort-maps.c
cfn=(22) _dl_sort_maps_init
calls=1 +52 
* 32
fi=(13)
36 2
cfi=(14)
cfn=(28)
calls=1 -1 
* 8
fi=(6)
215 1
cfi=(15)
cfn=(32) _dl_x86_init_cpu_features
calls=1 37 
* 7211
fe=(9)
+23 3
+1 1
cfi=(22)
cfn=(60)
calls=1 41 
* 17
* 1
+2 2
cfi=(23)
cfn=(62)
calls=1 37 
* 15
* 3
+12 3
+3 5
cfi=(2)
cfn=(64)
calls=1 1320 
* 118773
+2 9

fn=(464)
262 1
+1 1

fl=(46)
fn=(152)
116 2
+1 2

fn=(146)
56 1
+3 2
+4 1
-6 1
+4 1
+2 2
+22 2
+5 2
+1 1
+1 1
-1 1
-1 1
+5 2
+4 2
+8 2
-43 2
+32 6

fn=(186)
38 3
+3 3
-1 6
+4 6
+4 3

fl=(66)
fn=(210)
159 5
+1 3
-1 1
+1 1
-1 2
+1 1
-1 3
+1 1
-1 4
+1 12
-8 1
-7 1
+15 1
-14 1
+6 1
+8 1
-15 1
+7 1
-8 1
+1 1
+7 1
-7 1
+31 3
-28 3
-2 1
+31 1
-33 2
+2 2
+30 2
-30 1
-1 4
+7 4
+24 2
-32 1
+60 1
-60 2
+36 1
fi=(73) ./elf/../include/scratch_buffer.h
77 3
fe=(66)
198 1
fi=(73)
78 1
fe=(66)
200 2
+98 1
198 1
+4 1
+7 1
+4 4
-4 3
+4 12
+11 12
-18 2
+18 4
433 12
+2 2
+3 2
-3 4
+3 2
fi=(28)
56 2
cfi=(27)
cfn=(76)
calls=2 -21 
* 50
* 2
fe=(66)
439 4
+6 2
+1 10
cfi=(29)
cfn=(80)
calls=2 212 
* 22
+1 10
cfi=(29)
cfn=(80)
calls=2 212 
* 22
+4 2
-1 2
+5 16
204 9
458 9
-1 4
+1 8
199 3
+27 10
+5 2
+6 2
-5 2
-1 2
+2 4
+4 8
-31 2
+31 2
+1 6
+6 8
cfi=(31)
cfn=(212) _dl_dst_count
calls=2 -6 
* 108
* 6
+4 4
-2 2
+2 4
cob=(2)
cfi=(51)
cfn=(164)
calls=2 0 
* 6688
+1 4
+9 2
+2 4
+5 10
+6 2
+2 2
-8 4
+3 2
+1 2
+1 2
+1 2
+4 10
+4 6
+1 3
-43 200
+1 96
+44 144
-38 4
fi=(73)
85 3
fe=(66)
464 6
+1 1
+3 4
+11 3
fi=(28)
56 1
cfi=(27)
cfn=(76)
calls=1 -21 
* 25
* 1
fe=(66)
481 2
+5 3
+1 1
-1 2
+4 2
-2 1
+2 1
-2 2
+11 3
+5 3
-14 9
-2 3
+4 3
+7 3
-2 6
-5 1
+7 1
-2 2
+2 2
+5 1
-14 6
+17 2
+52 3
+37 3
+15 1
-11 1
+11 1
-14 2
+20 1
-1 3
+1 3
-1 5
cfi=(12)
cfn=(244) _dl_sort_maps
calls=1 288 
* 260
+5 1
+3 1
-1 1
+2 2
+7 3
+3 3
+3 8
214 25
+3 2
fi=(73)
-86 6
cfi=(72)
cfn=(238)
calls=2 30 
* 40
fe=(66)
+86 4
+4 6
611 2
cfi=(29)
cfn=(80)
calls=1 212 
* 11
* 1
-53 2
160 2
380 6

fn=(214) openaux
61 6
+7 2
-4 4
+1 2
-1 16
cfi=(31)
cfn=(172)
calls=2 2022 
* 6530
* 2
+5 4

fl=(135)
fn=(438)
27 1
+2 2
-2 1
+6 3
-6 1
+6 3
-6 1
+6 1
cfi=(134) ./elf/./elf/dl-lookup-direct.c
cfn=(434) _dl_lookup_direct
calls=1 +41 
* 177
+4 2
+2 4
+2 1
-1 1
+1 2
-1 1
cob=(3)
cfi=(136) ./elf/./elf/libc_early_init.c
cfn=(440) __libc_early_init
calls=1 -7 
* 1108

fl=(45)
fn=(140)
40 15
+1 3
cfi=(22)
cfn=(60)
calls=3 * 
* 87
* 3
fi=(207) ./string/../include/rtld-malloc.h
+15 6
cfi=(27)
cfn=(76)
calls=3 -21 
* 75
fe=(45)
-12 6
+4 3
-1 9
+1 6
-1 3
cfi=(29)
cfn=(80)
calls=3 212 
* 41

fl=(128)
fn=(410)
117 20
+5 4

fn=(470)
117 5
+5 1

fl=(74)
fn=(252)
361 6
+4 5
-2 2
+4 24
cfn=(254) _dl_check_map_versions
calls=4 155 
* 3727
-2 4
+2 12
-1 4
-1 8
+5 7

fn=(254)
155 32
+15 4
-15 8
+15 8
+2 20
+2 4
+1 4
-1 4
+1 4
+2 8
+3 4
-16 2
-8 2
+28 2
-4 2
+4 4
+16 2
36 4
200 2
36 10
+1 5
-1 10
+2 21
cfi=(54)
cfn=(174)
calls=7 +30 
* 805
* 14
208 6
+5 2
-71 4
+71 6
+8 2
-2 2
-2 4
+4 2
-4 12
+4 5
-2 5
-2 10
+4 5
-4 50
56 28
+8 21
+6 21
+16 7
+1 14
+2 7
+5 63
+14 154
+12 210
+4 70
-30 140
224 28
+3 21
+5 5
-11 5
110 7
+3 28
cfi=(32)
cfn=(90)
calls=7 -5 
* 261
* 30
236 8
+14 4
+3 8
+10 42
-7 168
+3 126
-3 8
+3 6
+8 6
+6 3
fi=(28)
44 3
fe=(74)
273 3
fi=(28)
44 3
cfi=(27)
cfn=(72)
calls=3 +34 
* 108
fe=(74)
272 3
fi=(28)
44 3
fe=(74)
274 6
+13 3
-3 3
+3 12
+2 9
+3 8
+4 6
+7 7
+1 7
-1 21
+1 7
+1 7
-2 7
+2 14
+1 21
+3 21
+5 5
-15 5
+2 5
-2 5
+2 5
-2 5
+2 10
-2 2
+2 2
-2 2
+2 2
-2 2
+2 4
+16 6
+39 36
-29 9
+3 8
+4 42
+6 42
+1 42
+1 42
-1 126
+1 42
-1 42
+1 42
+1 42
+3 126
+4 42
-14 88
+10 6
164 2
+86 2
-94 2
+94 3

fl=(141)
fn=(456)
67 2
+5 2
+3 2
+2 2
+10 2
+6 2
+1 2
+1 2
+1 2
+1 2
+1 2
+1 2
+4 2
+1 2
+3 2
+1 2
+2 2
+1 2
+1 2
+1 2
+1 2
+1 2
+2 2
+7 2
+1 2
+1 2
cfi=(142)
cfn=(458)
calls=2 -80 
* 1555
+1 2
+5 2
+1 2
+1 2
+2 2
+1 2
+1 2
+1 2
+1 2
+1 2
+1 2
+2 2
+2 2
+4 2
+2 2

fl=(12)
fn=(246) dfs_traversal.part.0
140 32
+8 4
-2 4
+2 8
+2 8
+3 6
-3 12
+9 8
+15 12
+1 4
+1 24

fn=(244)
288 10
+8 1
-8 1
+8 2
+4 8
-79 2
-37 1
+37 1
-36 4
+1 1
-1 1
+1 1
-1 2
+1 3
-1 3
+1 3
-1 6
+36 15
+8 3
-3 1
+2 1
+1 1
-8 1
+5 1
+3 4
+2 9
+2 4
-90 20
cfn=(246)
calls=4 -3 
* 122
+93 8
+18 2
+13 1
+33 1
-26 4
cfi=(29)
cfn=(80)
calls=1 -62 
* 11
* 1

fn=(22)
279 2
+1 4
cfi=(10)
cfn=(24)
calls=1 402 
* 20
+2 3
-1 1
+2 2

fl=(60)
fn=(194)
47 24
+3 24
+8 48
+2 12

fl=(133)
fn=(432)
30 2
+10 3
-10 1
+10 2
-10 1
+7 1
+3 2
cfi=(134)
cfn=(434)
calls=1 +34 
* 175
+4 2
+1 8
+2 3
-2 1
+2 3
cfi=(134)
cfn=(434)
calls=1 +27 
* 198
+4 2
+1 6
+1 2
-1 1
+1 2

fl=(44) ./string/../sysdeps/x86_64/multiarch/memset-vec-unaligned-erms.S
fn=(132) memset
125 7
+1 35
+6 7
+1 7
+1 7
+1 7
+2 1
+1 1
+1 1
+65 4
+1 4
+2 4
+76 6
+1 6
+5 6
+3 6
+1 6
+3 2
+1 2
+13 2
+1 2
+2 2
+3 1
+3 2
+3 1
+1 1
+1 1
+1 1
+1 1
+1 1
+1 1
-6 27
+1 27
+1 27
+1 27
+1 27
+1 27
+1 27
+3 2
+1 2
+1 2
+1 2
+5 2

fl=(24)
fn=(264)
68 2
fi=(208) ./elf/../include/list.h
-24 1
fe=(24)
+24 1
fi=(208)
-25 1
fe=(24)
+26 1
+3 1
fi=(208)
-29 1
+1 1
+1 1
+2 1
fe=(24)
+28 4
+1 2
+1 1
+5 2
+5 1
+6 1
-3 1
+3 1
-6 3
+6 1
+13 3
fi=(75) ./elf/../sysdeps/unix/sysv/linux/rseq-internal.h
-72 1
fe=(24)
+72 1
cfi=(10)
cfn=(24)
calls=1 402 
* 20
fi=(75)
-74 3
+2 6
+3 2
+3 1
fe=(24)
+83 3
+7 2
+2 1
+1 1
+1 3

fn=(66)
53 3
+3 8
+5 1
-5 1
+5 1
+1 1
-6 1
+8 1

fn=(84)
42 8
+2 16

fl=(15)
fn=(436)
71 1
-32 3
+32 2

fn=(32)
37 1
+2 3
+2 1
cfi=(16)
cfn=(34)
calls=1 399 
* 7206

fl=(65)
fn=(208)
25 1
+2 7
+4 1

fl=(64)
fn=(204)
25 3
+1 12
+1 3

fl=(42) ./string/../sysdeps/x86_64/multiarch/../strchr.S
fn=(118) index
23 15
+1 15
+1 15
+1 15
+1 15
+1 15
+1 15
+1 15
+1 15
+1 15
+1 15
+1 15
+1 15
+1 15
+1 15
+1 15
+1 15
+1 15
+1 13
+4 13
+1 13
+1 13
+1 13
+2 13
+4 2
+1 2
+1 2
+1 2
+1 2
+1 2
+1 2
+1 2
+1 2
+1 2
+1 2
+1 2
+1 2
+1 2
+1 2
+1 2
+1 2
+1 2
+1 2
+1 2
+1 2
+1 2
+1 2
+1 2
+52 2
+4 2
+1 2
+1 2
+1 2
+2 2

fl=(52)
fn=(162)
225 10
+2 2
cob=(2)
cfi=(51)
cfn=(164)
calls=1 0 
* 2759
+1 2
+1 1
+1 1
-1 1
+1 1
+2 5

fn=(166)
175 9
+5 3
-5 9
+5 3
-2 6
+22 3
-1 3
+7 6
-6 3
+3 6
+3 3
cfi=(53)
cfn=(168)
calls=3 30 
* 72
* 12
+2 9
cfi=(66)
cfn=(214)
calls=2 61 
* 6566
cfi=(2)
cfn=(170)
calls=1 663 
* 2698
+2 3
-1 3
+1 3
-1 3
+1 6
+9 12

fn=(248)
238 6
+1 1
+1 1
+3 1
+1 1
+2 1
cfi=(2)
cfn=(250)
calls=1 696 
* 3810
+2 1
+1 1
+1 4

fl=(76)
fn=(268)
252 8
42 1
+9 1
-10 1
+4 1
-4 1
+3 1
+4 2
+1 2
-1 2
+14 2
254 8

fl=(8)
fn=(14)
25 4
+3 4
-3 4
+3 8
+3 12
+1 8
+2 4
-1 4
+3 12
+1 4
+4 4
-3 4
+7 4
-4 4
-3 4
+2 8
+5 4
-5 4
-2 4
+7 4
-5 4
+10 4

fl=(78)
fn=(282) check_match
70 109
+3 109
-3 1308
+3 432
+13 107
-13 107
+13 107
-13 107
+13 321
+3 394
cfi=(32)
cfn=(90)
calls=45 +19 
* 2127
* 90
+4 107
+1 214
+2 210
+19 210
+1 840
-38 107
+84 642
-18 4
+2 4
+1 2
-1 4
+1 6
-1 4
+16 12
-45 315
cfi=(32)
cfn=(90)
calls=105 -9 
* 2761
* 210
-44 8
+82 4

fn=(280) do_lookup_x
363 912
+1 114
-1 570
+48 114
-30 228
-11 114
+41 114
-30 342
+30 114
fi=(79) ./elf/../sysdeps/generic/dl-protected.h
44 342
fe=(78)
381 114
fi=(79)
44 456
fe=(78)
395 1068
+4 356
+4 356
-3 356
+3 1424
+1 1068
+3 356
+1 712
+7 356
-3 712
-2 356
+5 1424
+3 2492
570 750
374 714
+3 714
+4 720
+4 712
+4 712
+88 214
fi=(4)
137 214
+1 321
fe=(78)
528 214
fi=(79)
29 214
fe=(78)
535 816
+16 214
+1 107
+1 214
422 452
-1 226
+2 226
+2 1356
+13 441
-10 1270
+3 109
-1 218
+1 109
-1 109
+2 218
-1 1308
cfn=(282)
calls=109 70 
* 10982
+4 327
+3 4
573 7
+1 912
-35 30
-70 12
171 42
452 856

fn=(278)
840 1140
+10 114
-10 228
+10 114
-10 114
+10 114
204 114
840 114
204 570
581 456
-1 228
+2 114
-1 114
+1 342
-1 342
+1 1356
-1 1356
+1 4068
-1 4068
+2 114
846 114
-4 114
+1 114
+7 114
-8 114
+1 114
+7 429
+3 114
+2 228
-2 114
+6 228
-7 684
+7 35
+1 1596
cfn=(280)
calls=114 363 
* 40634
* 342
+28 114
-23 114
+23 114
-23 228
+24 626
+7 107
-7 107
+40 428
+79 214
-65 321
+3 321
-62 114
+69 1026
-86 42
+18 21
+59 2

fl=(19)
fn=(46)
255 24
-5 24
+16 12
-16 72
+13 12
+1 36
-3 24
+11 60
+5 24
+2 12
+1 12
-1 12
+5 48
cfn=(48) intel_check_word.constprop.0
calls=12 123 
* 3876
+2 24
+3 60
cfn=(48)
calls=12 123 
* 1156
+2 24
+3 5
cfn=(48)
calls=1 123 
* 20
+2 2
+3 5
cfn=(48)
calls=1 123 
* 255
+2 2
-35 3
+39 3
+5 96

fn=(48)
123 78
-4 78
+10 104
-10 26
+10 52
+2 52
+71 200
-71 102
+2 63
+2 126
+8 126
+51 102
+22 51
fi=(20) ./elf/../bits/stdlib-bsearch.h
28 51
-1 102
+4 102
+1 51
fe=(19)
+78 102
fi=(20)
-79 76
+1 38
fe=(19)
+78 76
+3 345
fi=(20)
-84 820
+2 512
+1 256
fe=(19)
+78 512
+15 15
246 104
fi=(20)
37 63
-8 151
fe=(19)
155 36
+3 36
-6 54
+3 14
+9 14
+23 19
-32 57
+3 57
+4 50
+2 100
+2 50
+2 36
+4 11
+2 22
+6 14
+3 8
+1 12
-8 4
+2 4
-1 4
-1 4
+2 8
-2 4
+3 12
-2 12
+2 8
-10 24
+1 10
+11 12
-26 4
+9 4
+23 2
-32 6
+3 6
+4 8
+2 16
+2 8
-11 3
+7 6
+2 12

fn=(52)
481 1
+17 1
-17 4
+16 1
-16 1
+15 1
-15 3
+18 1
-1 1
+9 2
+3 3
+11 1
-11 1
-5 1
+21 3
+4 2
681 4
+1 5
+4 2
+9 2
-2 1
+2 2
-1 1
+1 3
535 6
+3 8
+7 2
-7 9
+7 6
+3 26
+14 2
+4 1
+3 1
+1 1
-4 2
+3 3
+6 2
-37 6
+15 2
+4 1
+1 1
-1 2
+18 2
-68 6
+74 4
+8 7
+2 2
+4 3
+2 1
+2 5
-4 1
+16 1
-16 3
+21 2
-21 4
+3 1
+1 4
-4 1
+6 4
+3 2
+5 1
+2 2
+1 1
+1 1
-2 2
+1 1
-19 5
+46 2
+1 1
+1 2
+2 2
-1 3
-23 2
+7 1
+2 2
-16 1
+22 1
-6 2
+1 1
+5 1

fl=(134)
fn=(434)
74 30
+2 3
-2 3
+4 3
-4 3
+2 3
+2 9
+37 3
-37 9
+1 6
+2 12
+3 25
-52 3
+54 6
-54 3
+54 3
-54 9
+1 9
+2 6
+1 6
+12 12
+3 3
+2 3
-2 3
+2 9
cfi=(32)
cfn=(90)
calls=3 +55 
* 207
* 6
+4 6
+1 3
-1 3
+1 18
+1 9
cfi=(32)
cfn=(90)
calls=3 +49 
* 75
* 6
+57 27
-23 6

fl=(31)
fn=(172)
2022 30
+8 6
+1 12
+3 42
+5 49
+2 21
cfi=(54)
cfn=(174)
calls=7 68 
* 810
* 14
+4 12
+1 18
+4 2
-1 10
+1 2
+1 2
-1 2
+1 2
cfi=(32)
cfn=(90)
calls=2 108 
* 86
* 4
2329 27
2068 2
+1 2
-1 2
+1 2
-1 2
+1 2
-1 4
-44 2
+53 6
+17 4
-2 2
+2 2
cfi=(42)
cfn=(118)
calls=2 23 
* 48
* 4
2260 2
-1 3
cfn=(138) expand_dynamic_string_token
calls=1 385 
* 168
+2 1
-3 1
+1 1
+2 2
+4 5
cfn=(176) open_verify.constprop.1
calls=1 1568 
* 283
+3 2
-3 1
+3 1
+12 4
+46 1
+1 3
-1 1
+1 9
cfn=(184) _dl_map_object_from_fd
calls=1 944 
* 1819
-1 1
+1 3
-1 1
+1 9
cfn=(184)
calls=1 944 
* 2200
* 6
2098 2
cfi=(22)
cfn=(60)
calls=1 41 
* 17
* 2
+2 2
+7 4
+51 11
cfn=(216) open_path
calls=1 1870 
* 1656
+6 1
-6 1
+6 4
682 1
2165 1
682 2
2252 2
+28 4
+2 4
2111 1
696 3
2111 1
+1 1
696 2
2116 3
682 1
2117 1
682 2
2173 1
+14 2
+2 3
+4 2
cfi=(68)
cfn=(222)
calls=1 416 
* 1272
* 1
+2 2
+4 2
+8 3
+23 6
cfn=(218) open_verify.constprop.0
calls=1 1568 
* 396
+4 2
-4 1
+4 1
+1 2
2131 5
+1 10
682 1
2133 1
682 2
2157 3
+1 2
-16 2

fn=(88)
868 3
+8 3
-8 3
+8 3
-6 3
+12 6
-13 3
+13 3
-13 3
+13 6
+3 9
+1 6
+1 6
+43 3

fn=(138)
385 14
241 2
385 2
241 2
385 2
241 2
cfi=(42)
cfn=(118)
calls=2 23 
* 72
+3 4
410 2
-11 2
+11 12
-11 2
cfi=(45)
cfn=(140)
calls=2 40 
* 168

fn=(134) fillin_rpath.isra.0
468 7
+4 1
-4 8
+6 3
cfi=(7)
cfn=(136)
calls=1 239 
* 240
* 3
cfi=(7)
cfn=(136)
calls=1 239 
* 8
* 6
+7 2
+2 3
cfn=(138)
calls=1 -98 
* 118
* 1
+4 2
+5 2
cfi=(22)
cfn=(60)
calls=1 41 
* 17
* 1
+1 2
+7 5
+9 15
+1 8
+55 2
fi=(28)
50 2
cfi=(27)
cfn=(144)
calls=1 +45 
* 5
+1 1
fe=(31)
528 2
+4 3
fi=(28)
56 1
cfi=(27)
cfn=(76)
calls=1 -21 
* 25
* 1
fe=(31)
534 2
+5 1
+1 2
-1 1
-1 1
+2 1
cfi=(29)
cfn=(128)
calls=1 199 
* 13
+3 1
-3 1
+1 1
+2 1
+6 1
+1 1
-1 3
+1 11
+1 1
-1 1
+1 2
-1 2
+1 1
-1 1
+1 2
-1 6
+1 1
-1 1
+1 1
-1 3
+1 1
-1 2
+3 1
+1 1
-1 1
+1 2
+1 1
+6 2
+1 2
-57 4
+66 1
+3 8
-46 4

fn=(106)
706 11
+14 1
-14 2
+14 2
cfi=(38)
cfn=(108)
calls=1 175 
* 1847
fi=(28)
56 1
fe=(31)
720 1
fi=(28)
56 1
cfi=(27)
cfn=(76)
calls=1 -21 
* 25
fe=(31)
725 1
+2 2
+7 2
+1 2
-1 3
+5 3
fi=(28)
56 1
cfi=(27)
cfn=(76)
calls=1 -21 
* 25
fe=(31)
739 1
+2 4
+17 1
-10 1
+19 1
-11 1
-9 1
+9 1
+12 2
-10 1
+3 2
+9 1
-7 1
+4 1
+3 2
-3 1
-8 1
+3 1
+8 1
-3 1
+1 16
cfi=(44)
cfn=(132)
calls=4 125 
* 72
+2 18
-14 3
+10 3
+4 3
-12 3
-2 3
+2 3
+4 3
-3 3
+3 3
+1 3
-2 3
+5 6
+1 3
-4 3
+4 3
+15 1
+3 1
-15 1
+7 1
-1 1
+9 2
+2 4
+2 3
+36 5
+2 2
cfi=(22)
cfn=(60)
calls=1 41 
* 17
* 9
-19 1
-2 1
+2 2
+19 9
cfi=(29)
cfn=(80)
calls=1 212 
* 11
* 1
+5 4
-1 2
+2 1
+1 2
-2 4
+1 13
+1 26
-2 52
+5 1
fi=(28)
56 1
cfi=(27)
cfn=(76)
calls=1 -21 
* 25
fe=(31)
836 1
fi=(28)
56 1
fe=(31)
838 2
+6 6
cfn=(134)
calls=1 468 
* 587
+3 3
+6 1
+4 8
-35 2
+5 2

fn=(176)
1568 11
+39 3
+19 4
cfi=(55)
cfn=(178)
calls=1 28 
* 19
* 1
+2 2
+11 1
+6 2
-5 1
+5 8
cfi=(56) ./io/../sysdeps/unix/sysv/linux/read_nocancel.c
cfn=(180) __read_nocancel
calls=1 25 
* 6
+2 2
+2 2
+2 2
+6 2
+17 11
fi=(28)
50 2
cfi=(27)
cfn=(144)
calls=1 +45 
* 5
fe=(31)
1856 9
1674 3
+74 2
+5 2
+2 4
+6 2
+6 1
+1 1
-1 3
+1 1
-1 1
+1 2
+1 2
+20 3
+31 1
-31 1
1633 1
1820 2
-31 66
+1 28
+1 8
+4 8
+25 12
+3 18
+3 2
-4 2
+4 4
+6 4
-36 6

fn=(184)
944 20
+10 2
-10 8
+10 2
cfi=(46)
cfn=(186)
calls=2 38 
* 14
* 2
+7 8
+85 8
+10 4
+7 14
cfi=(26)
cfn=(70)
calls=2 59 
* 766
* 2
+1 4
+11 4
+5 2
-5 2
+1 4
+1 2
+2 2
-2 2
+2 4
+1 6
+1 2
+19 2
-2 1
+2 12
-2 1
+2 30
+10 8
+85 2
-58 2
-34 2
-1 2
+93 2
+6 2
-64 4
+9 2
+55 4
-55 2
-42 2
+97 4
1101 2
-5 4
+15 60
+20 2
+1 1
-22 69
+1 127
1213 4
1110 2
1213 4
1110 6
1218 6
+10 4
+1 2
-1 2
+1 2
-1 6
+1 6
-1 6
+1 6
-1 18
1076 4
1235 4
+10 8
+7 4
fi=(61) ./elf/./dl-map-segments.h
96 2
fe=(31)
1252 6
fi=(61)
28 2
fe=(31)
1252 2
fi=(61)
96 2
fe=(31)
1252 2
fi=(61)
28 4
+1 16
cfi=(60)
cfn=(194)
calls=2 +18 
* 18
+74 4
-1 2
-73 2
+74 2
+3 4
+1 2
+2 2
-3 2
+1 2
+2 2
+17 2
+2 2
fi=(62) ./elf/./dl-load.h
-37 16
+1 6
+2 16
fi=(61)
+56 32
+8 2
-2 2
+1 2
+2 2
-1 2
+1 2
-1 6
+8 4
+3 4
+8 14
cfi=(44)
cfn=(132)
calls=2 -52 
* 237
+1 4
+5 4
+12 8
-59 40
+2 12
+3 6
-3 12
+2 48
cfi=(60)
cfn=(194)
calls=6 -93 
* 54
* 18
fi=(57) ./elf/../sysdeps/posix/dl-fileid.h
37 6
cfi=(58)
cfn=(190)
calls=2 -8 
* 30
* 4
fe=(31)
999 4
fi=(57)
40 6
fe=(31)
999 2
fi=(57)
40 2
fe=(31)
999 23
+1 10
fi=(57)
49 12
fe=(31)
1515 18
1018 4
+66 13
+1 2
-1 1
+1 1
-1 1
+1 1
cfi=(71) ./io/../sysdeps/unix/sysv/linux/pread64_nocancel.c
cfn=(232) __pread64_nocancel
calls=1 25 
* 7
* 2
+26 26
+26 48
+10 8
-1 8
-1 8
+2 8
+2 8
-2 8
-1 48
+2 16
+1 8
+2 8
-3 8
+3 48
+2 16
+4 16
+1 30
+4 6
+1 6
-1 6
+1 42
-18 6
+28 6
-11 2
+1 2
-1 2
+1 14
-18 2
+28 2
-56 4
+7 2
+2 2
-2 2
+1 2
+1 2
-1 4
+1 16
+50 3
+5 1
-1 2
+5 1
-5 2
-56 1
+61 4
+1 1
+3 1
-3 1
+8 4
+15 4
+1 2
+58 8
+1 6
fi=(63) ./elf/./elf/get-dynamic-info.h
39 4
+6 2
-2 2
+2 4
+9 2
+5 2
+3 2
+2 2
-3 2
-3 2
-3 28
+13 8
-23 32
+23 29
-23 116
+4 74
+5 40
+2 10
+3 8
+13 8
+10 7
+1 8
+1 8
+1 8
+2 8
+5 7
+1 7
+1 8
+3 6
+5 2
+7 4
+1 6
+22 6
+5 2
+2 2
+2 2
+2 2
+4 6
+2 3
+1 2
+9 2
+6 2
+4 4
fe=(31)
1275 4
+1 4
+2 4
+10 6
+19 6
+2 10
+52 6
+1 2
+6 16
+1 42
+6 8
cfn=(88)
calls=2 868 
* 40
-7 54
+1 25
+6 25
-6 50
fi=(30)
95 16
213 2
-1 4
105 4
212 2
105 2
-2 2
-3 2
+2 2
+3 2
-4 4
+92 8
-1 2
-87 6
+3 6
+1 4
+1 4
+4 6
+4 6
+3 6
+1 4
+4 2
+1 8
+58 6
+2 8
-56 6
+1 3
+3 6
+3 3
+1 12
+5 6
+2 6
+5 6
+14 3
-1 6
+2 2
-1 4
fe=(31)
1380 4
cfi=(64)
cfn=(204)
calls=2 25 
* 12
* 4
+13 4
+2 8
+2 4
+16 4
cfi=(8)
cfn=(14)
calls=2 25 
* 58
+4 4
+1 4
+17 4
+1 1
+3 1
+5 1
-5 1
+5 1
-5 1
+5 1
-5 1
+5 1
+10 4
+7 12
+10 4
+1 4
+5 2
cfi=(47)
cfn=(236) _dl_assign_tls_modid
calls=1 131 
* 10
+7 6
cfi=(26)
cfn=(82)
calls=2 31 
* 94
+3 8
+23 14
+1 6
cfi=(49)
cfn=(206)
calls=2 76 
* 10
* 2
fi=(62)
95 5
+2 1
-1 2
+1 1
-1 1
+1 1
-1 1
+1 1
-1 2
+3 4
fe=(31)
1506 10
fi=(30)
198 8
+2 2
+1 2
+2 2
-3 6
fe=(31)
1368 6
fi=(63)
62 8
+2 8
fe=(31)
1084 2
fi=(61)
187 8
cfi=(60)
cfn=(194)
calls=1 47 
* 9
+3 2
fe=(31)
1462 6
+2 1
-1 5
+1 1
-1 1
+1 1
-1 1
cfi=(32)
cfn=(90)
calls=1 108 
* 25
* 2
+2 5
1275 2
fi=(57)
49 3
fi=(30)
170 3
-39 2
fe=(31)

fn=(216)
1870 8
+1 1
-1 6
+1 1
+6 2
+5 16
-7 2
+7 1
-8 1
+8 2
+3 2
+9 6
+7 3
+1 1
-1 1
cfi=(29)
cfn=(128)
calls=1 199 
* 13
-12 1
+12 1
+59 5
-58 4
+3 20
+5 80
cfi=(29)
cfn=(128)
calls=10 199 
* 134
* 40
cfi=(29)
cfn=(128)
calls=10 199 
* 130
+3 20
+6 30
+3 60
cfn=(218)
calls=10 1568 
* 540
* 10
+2 30
+2 20
+65 8
+7 2
-2 2
+2 2
+3 3
-13 1
+27 9
1902 58
+29 20
+1 70
+6 20
+2 10
-2 10
+2 20
cfi=(67)
cfn=(220)
calls=10 28 
* 158
* 10
+3 10
-3 20
+1 1
+2 2
-2 1
+2 26
-61 2

fn=(218)
1568 121
+39 33
+19 44
cfi=(55)
cfn=(178)
calls=11 28 
* 239
* 11
+2 22
+11 1
+6 2
-5 1
+5 8
cfi=(56)
cfn=(180)
calls=1 25 
* 6
+2 2
+2 2
+2 2
+6 2
+17 11
fi=(28)
50 2
cfi=(27)
cfn=(144)
calls=1 +45 
* 5
fe=(31)
1856 99
1674 3
+74 2
+5 2
+2 4
+6 2
+6 1
+1 1
-1 3
+1 1
-1 1
+1 2
+21 3
+31 1
-31 1
1633 1
1820 2
-31 48
+1 24
+1 8
+4 8
+6 4
+1 28
+10 12
cfi=(71)
cfn=(232)
calls=2 25 
* 14
* 16
+8 18
+15 2
+6 1
-3 1
+1 1
+1 1
+1 2
-3 1
+1 1
+1 1
+2 1
-3 3
-1 1
+4 2
-19 18
+3 2
-4 2
+4 4
+5 1
+1 4
-60 13
+1 3
-1 1
+1 3
cfi=(71)
cfn=(232)
calls=1 25 
* 7
* 3
+16 5
1612 20
+62 3
1802 4
-30 2

fn=(212)
238 4
+3 2
-3 4
+7 2
-7 4
+3 2
cfi=(42)
cfn=(118)
calls=2 23 
* 72
+3 4
+20 14

fl=(36)
fn=(102)
120 5
+2 1

fl=(32)
fn=(90)
108 200
+33 200
+1 200
+2 200
+1 200
+21 200
+1 200
+1 173
+1 173
+1 150
+1 150
+1 150
+1 150
+21 150
+1 150
+1 150
+1 150
+1 150
+1 150
+1 150
+5 4
+1 12
+9 4
+1 4
+1 4
+1 4
+1 4
+1 4
+1 4
+1 4
-7 50
+1 50
+1 50
+1 50
+1 50
+1 50
+1 50
+1 50
+1 49
+1 29
+1 29
+1 29
+2 29
+1 29
+1 29
+1 29
+1 29
+1 29
-5 20
+1 20
+1 20
+1 20
+1 20
+1 20
+10 5
+1 5
+1 5
+2 5
+6 5
+1 5
+1 5
+1 5
+1 5
+5 5
+2 4
+1 4
+1 8
+8 4
+1 4
+3 4
+1 4
+1 4
+1 4
+1 4
+1 4
818 2
+1 2
+1 2
+1 2
+1 2
+2 2
+1 2
+1 2
+1 2
+1 2
+1 2
+1 2
+1 2
+4 2
+1 2
+1 2
+6 2
+1 2
+1 4
+4 2
+1 2
+3 2
+1 2
+1 2
+3 2
+1 2
+1 2
+6 2
+1 2
+1 2
+1 2
+1 2
+1 2
+72 2
+1 2
+1 2
+1 2
+1 2
+2 2
+1 2
+1 2
+1 2
+1 2
+1 2
+1 2
+1 2
+4 2
+1 2
+1 2
+6 2
+1 2
+1 4
+4 2
+1 2
+3 2
+1 2
+1 2
+3 2
+1 2
+1 2
+6 2
+1 2
+1 2
+1 2
+1 2
+1 2
+72 5
+1 5
+1 5
+1 5
+1 5
+2 5
+1 5
+1 5
+1 5
+1 5
+1 5
+1 5
+1 1
+4 1
+1 1
+1 1
+6 1
+1 1
+1 2
+4 1
+1 1
+3 1
+1 1
+1 1
+3 1
+1 1
+1 1
+6 1
+1 1
+1 1
+1 1
+1 1
+1 1
+7 1
+1 1
+2 1
+1 1
+2 1
+1 1
+1 1
+3 1
+1 1
+1 1
+6 1
+1 1
+1 1
+1 1
+1 1
+1 1
+41 3
+1 3
+1 3
+1 3
+1 3
+2 3
+1 3
+1 3
+1 3
+1 3
+1 3
+1 3
+1 1
+4 1
+1 1
+1 1
+6 1
+1 1
+1 2
+4 1
+1 1
+3 1
+1 1
+1 1
+3 1
+1 1
+1 1
+6 1
+1 1
+1 1
+1 1
+1 1
+1 1
+72 2
+1 2
+1 2
+1 2
+1 2
+2 2
+1 2
+1 2
+1 2
+1 2
+1 2
+1 2
+1 2
+4 2
+1 2
+1 2
+6 2
+1 2
+1 4
+4 2
+1 2
+3 2
+1 2
+1 2
+3 2
+1 2
+1 2
+6 2
+1 2
+1 2
+1 2
+1 2
+1 2
1693 4
+1 4
+1 4
+1 4
+1 4
+2 4
+1 4
+1 4
+1 4
+1 4
+1 4
+1 4
+1 3
+4 3
+1 3
+1 3
+6 3
+1 3
+1 6
+4 3
+1 3
+3 3
+1 3
+1 3
+3 3
+1 3
+1 3
+6 3
+1 3
+1 3
+1 3
+1 3
+1 3
+72 4
+1 4
+1 4
+1 4
+1 4
+2 4
+1 4
+1 4
+1 4
+1 4
+1 4
+1 4
+1 2
+4 2
+1 2
+1 2
+6 2
+1 2
+1 4
+4 2
+1 2
+3 2
+1 2
+1 2
+3 2
+1 2
+1 2
+6 2
+1 2
+1 2
+1 2
+1 2
+1 2
+72 6
+1 6
+1 6
+1 6
+1 6
+2 6
+1 6
+1 6
+1 6
+1 6
+1 6
+1 6
+1 4
+4 4
+1 4
+1 4
+6 4
+1 4
+1 8
+4 4
+1 4
+3 4
+1 4
+1 4
+3 4
+1 4
+1 4
+6 4
+1 4
+1 4
+1 4
+1 4
+1 4
+72 21
+1 21
+1 21
+1 21
+1 21
+2 21
+1 21
+1 21
+1 21
+1 21
+1 21
+1 21
+2 8
+4 8
+1 8
+1 8
+6 8
+1 8
+2 16
+4 8
+1 8
+3 8
+1 8
+1 8
+3 8
+1 8
+1 8
+6 8
+1 8
+1 8
+1 8
+1 8
+1 8
+74 29
+2 29
+1 29
+1 29
+1 29
-3 25
+1 25
+1 25
+1 25
+1 58
+5 29
+6 29
+1 29
+8 29
+1 29
-16 171
+6 171
+1 171
+8 171
+1 171

fl=(71)
fn=(232)
25 8
+1 16
+1 4

fl=(56)
fn=(180)
25 2
+1 8
+1 2

fl=(47)
fn=(258)
97 2
+4 1
-4 2
+4 1
-4 2
+4 3
cfi=(10)
cfn=(24)
calls=1 402 
* 21
* 1
+1 4
cfi=(10)
cfn=(24)
calls=1 402 
* 21
* 1
+8 1
-8 1
+6 2
+2 3
+3 1
+2 1
-32 3
+34 3
+1 5

fn=(412)
1015 8
+6 1
+3 1
+1 1
+4 3
+34 2
+3 3
+1 3
+3 6

fn=(148)
197 1
+2 2
+1 1
+15 2

fn=(414)
528 10
+1 2
+4 1
+6 1
-6 1
+6 1
cfi=(24)
cfn=(84)
calls=1 42 
* 3
+3 3
+12 1
-18 1
-1 1
+43 3
-19 13
+9 3
+1 2
+6 3
+1 1
+2 2
-2 1
+6 1
-4 2
+4 1
-4 2
+3 2
+4 2
+1 4
+2 2
+1 2
+17 1
-8 1
+8 1
+2 3
cfi=(29)
cfn=(128)
calls=1 199 
* 13
* 5
cfi=(44)
cfn=(132)
calls=1 125 
* 25
-49 1
+55 1
-55 4
+6 4
+55 2
cfi=(24)
cfn=(84)
calls=1 42 
* 3
+3 2
+3 9

fn=(262)
422 2
+13 1
-13 2
+2 1
+12 1
fi=(28)
56 1
cfi=(27)
cfn=(76)
calls=1 -21 
* 53
fe=(47)
437 3
+8 2
fi=(28)
44 1
fe=(47)
445 2
+1 1
+4 321
+19 1
-99 1
+4 1
+1 1
fi=(28)
44 1
cfi=(27)
cfn=(72)
calls=1 +34 
* 36
fe=(47)
376 2
+3 1
+6 2
+90 5

fn=(260)
221 8
+6 3
+3 2
+36 3
+2 1
-2 1
-2 1
-40 1
-1 1
-1 1
+46 2
+23 3
+3 1
-3 4
+2 2
-2 1
-25 1
+20 1
-20 5
+2 2
+3 1
-1 1
+5 2
-5 1
+1 1
-1 1
+3 2
+2 3
+32 3
-1 1
+1 4
+2 2
-2 2
+53 8

fn=(236)
131 2
+3 1
+13 1
-13 1
+52 1
+2 1
+3 1
+1 2

fl=(58)
fn=(190)
29 6
+1 6
+5 9
cfi=(59)
cfn=(192)
calls=3 153 
* 24

fl=(129)
fn=(416)
561 4
+3 1
+2 2
+13 1
cfn=(420) _dlfo_process_initial
calls=1 474 
* 79
+1 1
-1 1
+1 1
fi=(28)
56 1
cfi=(27)
cfn=(76)
calls=1 -21 
* 25
fe=(129)
580 1
fi=(28)
56 1
fe=(129)
582 2
+3 2
+5 1
+1 1
cfn=(420)
calls=1 474 
* 280
+3 3
+10 4
-37 2
cfi=(130)
cfn=(418)
calls=1 95 
* 68
* 1
+29 2
cfn=(422) _dlfo_sort_mappings
calls=1 -60 
* 80
+3 6
+2 1

fn=(420)
474 2
+3 2
-3 2
+1 2
+3 4
+26 14
+1 6
+1 8
-1 16
+3 28
+3 24
-7 10
+25 2
+2 8
-18 18
+3 6
-1 6
cfi=(130)
cfn=(418)
calls=3 95 
* 189
+2 12

fn=(422)
536 1
+1 2
+3 4
+4 1
+1 1
-1 1
+1 2
-1 1
+1 1
-1 1
+1 6
+1 19
-1 9
+8 6
+1 4
-1 2
-13 4
+14 6
+1 4
-15 4
+17 1

fl=(144) ./elf/./elf/dl-init.c
fn=(474) _dl_init
77 12
+1 1
+1 1
+3 3
+8 2
+25 1
+1 5
+1 2
-86 4
+86 6
-86 12
+2 20
cfn=(476) call_init.part.0
calls=3 -7 
* 199
+83 12
+7 8
-92 4
+2 6
cfn=(476)
calls=1 -7 
* 61
+52 2

fn=(476)
26 32
+13 4
-13 4
+16 4
-3 8
+3 8
+5 6
+8 9
+1 6
cob=(2)
cfi=(51)
cfn=(478)
calls=1 -56 
* 26
+3 3
+1 6
+6 2
+2 2
-2 1
+3 7
+1 4
cob=(3)
cfi=(149) ./libio/./libio/vtables.c
cfn=(504) check_stdfiles_vtables
calls=1 +13 
* 12
* 4
cob=(3)
cfi=(146) ./csu/./csu/init-first.c
cfn=(496) _init_first
calls=1 -24 
* 80
-1 6
+3 24
-29 2

fl=(25)
fn=(68)
28 3
+1 3
+3 76
+13 66
-13 132
+2 136
+1 20
+5 2
-3 2
+3 2
+2 2
+7 1

fl=(41)
fn=(116)
51 55
-25 42
+4 24
+4 48
+1 12
-1 24
+2 24
+5 27
cfi=(42)
cfn=(118)
calls=9 -18 
* 216
+1 18
+3 6
+11 12
+1 12
+1 6
-1 6
+1 6
-2 6
+1 6
+1 3
-1 3
+1 27
cfn=(120) _dl_hwcaps_contains
calls=6 +8 
* 30
* 12
-3 5
+7 44
-19 6
cfi=(22)
cfn=(60)
calls=3 -2 
* 51
* 3

fn=(122)
25 4
+1 3
+21 1
-20 1
+20 3

fn=(120)
66 6
+1 12
+1 6
+9 6

fl=(1) ???
fn=(0) 0x00000000000202b0
0 2
cfi=(2)
cfn=(2)
calls=1 527 
0 164763
0 14
cfi=(144)
cfn=(474)
calls=1 77 
0 361
0 3
cob=(5) /home/witcherok/Programming/++/Hash-Table/hash-table
cfi=(150) ???
cfn=(508) (below main)
calls=1 0 
0 76324721

fl=(55)
fn=(178)
28 13
+3 13
-3 39
+3 78
+8 91
+2 3
-2 30
+2 10

ob=(3)
fl=(202) ./time/../sysdeps/unix/sysv/linux/clock_gettime.c
fn=(828) clock_gettime@@GLIBC_2.17
30 1
+8 2
+2 2
+28 2
+1 2
-25 1
+42 1

fl=(118)
fn=(382)
29 1
fi=(100) ./string/../sysdeps/x86_64/multiarch/ifunc-strcpy.h
+7 2
+1 1
-1 2
+1 2
+2 2
+4 3
+3 3
fe=(118)
-17 1

fl=(160) ./misc/../sysdeps/unix/sysv/linux/brk.c
fn=(560) brk
35 3
+1 12
+1 6
+6 3
+1 3

fl=(167) ./libio/./libio/iofwrite.c
fn=(588) fwrite
31 5
+1 1
-1 1
+1 1
-1 2
+4 2
+2 17
+1 4
+1 1
fi=(172) ./libio/./libio/libioP.h
940 3
+2 2
+1 2
fe=(167)
39 4
cfi=(162) ./libio/./libio/fileops.c
cfn=(590) _IO_file_xsputn@@GLIBC_2.2.5
calls=1 1197 
* 501
+6 1
-6 1
+6 1
fi=(172)
883 2
+1 8
fe=(167)
45 2
+1 1
+3 9

fl=(84)
fn=(296)
29 1
fi=(209) ./string/../sysdeps/x86_64/multiarch/ifunc-sse4_2.h
+1 5
fe=(84)
-1 1

fl=(106)
fn=(348)
43 1
-6 5
+6 1

fl=(193)
fn=(764)
181 2
+1 6
+5 2
+1 2
+1 2
+1 2
+69 2
+1 2
+23 2
+1 2
+5 2
+3 2
+1 2
+3 2
+1 2
+13 2
+1 2
+2 2
+3 1
+3 1
+3 1
+1 1
+1 1
+1 1
+1 1
+1 1
+1 1
-6 4
+1 4
+1 4
+1 4
+1 4
+1 4
+1 5
+3 1
+1 1
+1 1
+1 1
+3 2
-6 1
+1 1
+1 1
+1 1
+3 2

fl=(119)
fn=(386)
29 1
fi=(120) ./wcsmbs/../sysdeps/x86_64/multiarch/ifunc-memcmp.h
+5 2
+1 1
-1 2
+1 2
+1 2
+1 3
+2 2
+4 3
+3 3
fe=(119)
-17 1

fl=(93)
fn=(316)
31 2
fi=(94) ./wcsmbs/../sysdeps/x86_64/multiarch/ifunc-avx2.h
+2 10
-1 4
+2 6
+2 4
+4 6
+3 8
fe=(93)
-12 2

fl=(170) ./io/../sysdeps/unix/sysv/linux/fstatat64.c
fn=(602) fstatat
153 8
-55 8
+70 12
+1 4

fl=(200) ./stdio-common/./stdio-common/printf.c
fn=(822) printf
28 13
+4 1
+1 2
-1 2
+1 1
-1 1
+1 1
-1 1
+1 1
-1 1
+1 1
cfi=(185) ./stdio-common/./stdio-common/vfprintf-internal.c
cfn=(682) __vfprintf_internal
calls=1 1180 
* 2198
+4 5

fl=(147) ./misc/./misc/init-misc.c
fn=(498) __init_misc
30 1
+1 2
-1 4
+1 3
+2 3
cob=(2)
cfi=(51)
cfn=(500)
calls=1 -33 
* 36
+4 5
+1 3
+2 4

fl=(169) ./io/../sysdeps/unix/sysv/linux/fstat64.c
fn=(600) fstat
29 8
+1 8
+5 12
cfi=(170)
cfn=(602)
calls=4 153 
* 32

fl=(174) ./setjmp/../sysdeps/x86_64/bsd-_setjmp.S
fn=(630) _setjmp
28 1
+2 1
+2 1
cfi=(175) ./setjmp/../sysdeps/x86_64/setjmp.S
cfn=(632) __sigsetjmp
calls=1 -2 
* 31

fl=(88)
fn=(304)
29 1
fi=(89) ./string/../sysdeps/x86_64/multiarch/ifunc-memset.h
+21 5
+3 3
+7 2
+9 2
+2 2
+10 2
+8 2
+2 5
fe=(88)

fl=(96)
fn=(322)
28 1
fi=(83) ./string/../sysdeps/x86_64/multiarch/ifunc-avx2.h
+5 5
-1 2
+2 3
+2 2
+4 3
+3 4
fe=(96)
-15 1

fl=(146)
fn=(496)
46 4
+5 2
+4 5
+8 1
-2 1
+10 1
-9 1
+1 1
+9 2
-1 1
cfi=(147)
cfn=(498)
calls=1 -41 
* 61

fl=(136)
fn=(440)
33 7
+2 1
cfi=(137) ./ctype/./ctype/ctype-info.c
cfn=(442) __ctype_init
calls=1 -6 
* 17
+3 1
fi=(139) ./elf/../sysdeps/nptl/pthread_early_init.h
-5 2
fe=(136)
+8 1
-3 1
fi=(139)
-5 1
cfi=(138) ./resource/../sysdeps/unix/sysv/linux/getrlimit64.c
cfn=(444) getrlimit
calls=1 +5 
* 10
* 3
+1 6
+11 1
fi=(210) ./elf/../nptl/nptl-stack.h
+13 3
fi=(139)
-13 1
fi=(210)
+13 2
fi=(139)
-4 1
fi=(210)
+4 2
fi=(139)
-6 1
fi=(210)
+6 1
fi=(139)
-12 1
+6 6
+1 1
+4 1
cfi=(140) ./nptl/./nptl/pthread_mutex_conf.c
cfn=(448) __pthread_tunables_init
calls=1 -7 
* 884
fe=(136)
-10 3
+2 2
-2 1
cfi=(143) ./nptl/../sysdeps/unix/sysv/linux/x86/elision-conf.c
cfn=(462) __lll_elision_init
calls=1 +49 
* 147

fl=(155)
fn=(788) memalign
3520 8
+1 2
+14 2
+4 2
+21 3
-34 6
+18 3
+8 3
+10 5
cfn=(790) _int_memalign
calls=1 4941 
* 312
+1 5
+18 2

fn=(656)
3352 4
+4 8
-4 2
+14 2
-14 4
+12 2
+4 2
-4 2
+4 4
+17 6
fi=(156) ./malloc/./malloc/arena.c
162 6
fe=(155)
3391 4
cfn=(750) _int_free
calls=2 4421 
* 166
+3 2
+1 10

fn=(776) realloc
3400 110
+6 22
+4 22
+7 22
+11 11
-2 11
+5 11
-3 22
+2 22
+4 27
fi=(156)
162 27
fe=(155)
3442 44
+1 22
1343 22
+19 66
3452 22
+31 27
+2 45
cfn=(780) _int_realloc
calls=9 4818 
* 103294
* 9
+1 45
fi=(156)
162 24
fe=(155)
3486 16
+29 99
3077 2
+6 2
-5 2
+9 2
-11 2
+7 2
+2 2
-9 2
+10 6
+1 2
-1 2
+1 8
+4 16
+3 4
+3 12
cfi=(195) ./misc/../sysdeps/unix/sysv/linux/mremap.c
cfn=(782) mremap
calls=2 26 
* 38
* 2
+3 4
2028 12
3105 2
+2 6
+2 4
+1 2
+3 2
-3 6
+3 6
+2 8
3466 4

fn=(780)
4818 63
+11 36
+1 45
+6 18
+2 18
+1 27
+2 36
+3 18
+89 81
-79 18
+24 3
cfn=(550) _int_malloc
calls=1 1343 
* 249
* 1
+1 2
+3 1
+1 1
+5 2
+8 1
-1 1
+4 1
-3 6
+3 1
cob=(2)
cfi=(51)
cfn=(728)
calls=1 0 
* 102394
+1 4
cfn=(750)
calls=1 4421 
* 102
+2 1
-47 9
+1 9
-2 18
+4 8
+4 8
-4 24
+2 8
-2 8
+2 8
-2 32
+1 16
+1 8
+2 8

fn=(548) tcache_init.part.0
3235 3
+9 8
+1 3
cfn=(550)
calls=1 1343 
* 367
* 1
+1 2
+8 4
+7 2
+2 1
+1 2
-1 1
+1 86
+3 4

fn=(552) sysmalloc
2548 45
+20 20
+11 10
+1 12
+26 2
+1 6
+1 2
+9 12
+6 6
+3 6
2941 4
+1 2
+5 4
+3 4
+5 4
-2 2
+2 2
-1 2
+1 2
-3 2
+3 2
+1 2
-1 6
+1 2
+2 4
2581 9
+4 9
+9 12
cfn=(708) sysmalloc_mmap.constprop.0
calls=3 2420 
* 189
+1 6
2964 55
2687 4
+9 8
+13 6
+8 10
+8 4
+39 4
+2 6
+6 6
+1 1
2946 1
2773 3
+2 2
2896 1
-1 1
+1 3
+1 1
+11 2
fi=(156)
565 2
fe=(155)
2727 2
cfi=(158) ./malloc/./malloc/morecore.c
cfn=(556) __glibc_morecore
calls=2 25 
* 100
+1 4
-1 2
+1 2
2028 2
2729 2
2028 2
2729 2
2028 4
2730 2
+3 4
+33 4
2610 4
2775 2
+40 3
+22 1
+1 1
-1 1
+1 6
+2 2
+1 3
cfi=(158)
cfn=(556)
calls=1 25 
* 28
+12 2
-12 1
+12 1
2028 4
2897 4
2765 2
-52 3

fn=(708)
2420 9
+13 9
+5 6
+3 27
cfi=(189) ./misc/../sysdeps/unix/sysv/linux/mmap64.c
cfn=(710) mmap
calls=3 47 
* 27
* 3
+3 6
+4 6
2028 12
2466 9
+19 3
-1 3
+5 3
-4 6
+4 6
+1 15
+3 9
+1 15
+5 15

fn=(538)
3287 30
+7 10
1343 8
+19 20
3306 20
+3 8
+10 15
+28 25
1362 5
3304 15
-63 4
cfn=(548)
calls=1 -6 
* 484
+68 2
+1 4
+1 9
+10 20
cfn=(550)
calls=5 1343 
* 704
+1 25
fi=(156)
162 10
315 1
cfn=(542) ptmalloc_init.part.0
calls=1 -2 
* 1128
fe=(155)
1343 2

fn=(550)
1343 10994
3771 5497
1362 5497
3771 43976
1362 10994
3904 5491
+2 5491
-2 5491
+2 10982
1362 10994
3811 10994
4397 10994
3838 10994
+63 22
+62 216
+1 18
3853 16458
-10 5486
+2 27430
4399 10982
3903 5491
4399 71383
3983 5491
+1 5491
-1 10982
-1 10982
+2 10982
-1 6
+1 6
-1 12
-1 12
+2 12
-2 16488
+12 5496
-6 5496
+73 21984
-67 16489
-6 1
+73 4
-67 3
4413 49473
4183 10994
+2 18
+3 6
-3 6
+3 12
+68 10994
+1 5497
+1 5497
-1 5497
+1 5497
+1 10994
+1 16491
+5 10994
3963 12
4269 16491
+3 21968
-3 16476
+3 21964
-3 10982
+3 16467
+97 5497
+1 10994
+2 10994
+3 16501
+17 15
3904 15
4380 5492
-2 10984
+2 5492
-1 5492
+6 5492
-5 5492
-3 5492
+3 5492
+2 5492
-2 21968
2005 5492
4382 5492
2005 10984
4407 20
cfn=(552)
calls=5 2548 
* 710
* 5
+1 10
2005 15

fn=(706) calloc
3624 10978
+10 5489
-10 21956
+10 43912
+8 10978
+3 16467
+2 16467
+32 16467
cfn=(550)
calls=5489 1343 
* 774205
+2 27445
fi=(156)
162 16464
fe=(155)
3681 10976
+3 16467
+14 10978
+11 5489
+5 5489
-2 10978
+3 1
-1 2
+48 32922
-53 5488
+12 21952
-20 21952
+31 5488
+2 10976
+2 10976
+5 5486
+2 5486
-2 5486
+3 10972
-87 5489
+1 16467
+7 5489
+97 2
-25 4
+25 8
-25 2
cob=(2)
cfi=(51)
cfn=(762)
calls=2 0 
* 94

fn=(750)
4421 24
+10 3
-10 9
+10 6
+6 15
+1 6
+4 12
+8 15
-1 6
+1 6
+29 1
-20 1
-6 1
+6 2
+20 4
+14 4
4702 33
4569 4
+3 2
+3 6
+7 2
-4 2
+4 4
+3 4
+5 6
+3 4
+1 4
+1 4
2012 6
4601 4
+9 4
+62 4
+20 6
3181 1
+4 1
-4 1
+2 4
+1 1
+1 1
4482 1
4673 6
+3 4
+2 2
-2 2
-23 2
+1 6
+1 4
-68 6
-2 4
+93 8

fn=(790)
4941 7
1343 2
+19 8
4968 2
cfn=(550)
calls=1 1343 
* 249
* 1
+2 2
+5 1
-2 1
+2 3
+9 5
+2 4
+5 4
+3 2
+36 9
-43 1
+3 3
+6 1
+1 1
+1 1
-2 4
+2 1

fl=(182) ./io/../sysdeps/unix/sysv/linux/read.c
fn=(666) read
25 3
+1 18
+1 3

fl=(109)
fn=(356)
29 1
fi=(110) ./string/../sysdeps/x86_64/multiarch/ifunc-memcmp.h
+5 2
+1 1
-1 2
+1 2
+1 2
+1 3
+2 2
+4 3
+3 3
fe=(109)
-17 1

fl=(121)
fn=(390)
33 1
fi=(100)
+3 2
+1 1
-1 2
+1 2
+2 2
+4 3
+3 3
fe=(121)
-13 1

fl=(95)
fn=(320)
61 1
-20 2
+1 1
-1 2
-1 2
+2 2
+2 2
+4 3
+3 3
+10 1

fl=(115)
fn=(372)
29 2
fi=(100)
+7 4
+1 2
-1 4
+1 4
+2 4
+4 6
+3 6
fe=(115)
-17 2

fl=(201) ./time/../sysdeps/unix/sysv/linux/clock.c
fn=(826) clock
25 2
+6 1
-6 3
+6 2
cfi=(202)
cfn=(828)
calls=1 -1 
* 11
* 2
+4 1
-1 1
+1 7
+1 5

fl=(158)
fn=(556)
25 3
+1 6
-1 3
+4 3
cfi=(159) ./misc/./misc/sbrk.c
cfn=(558) sbrk
calls=3 +8 
* 101
+1 6
+4 6

fl=(122)
fn=(394)
29 1
fi=(123) ./string/../sysdeps/x86_64/multiarch/ifunc-evex.h
+6 5
-1 2
+2 3
+5 2
-3 2
+9 3
+3 4
fe=(122)
-21 1

fl=(148)
fn=(502)
46 1
+1 1
+1 1
+2 1
+1 1
+3 1
+1 1
+1 1
+33 1
+1 1
+1 1
+1 1
+1 1
+1 1
+1 1
+1 1
+1 1
+1 1
+3 1
+1 1
+9 1
+1 1
+98 1
+1 1
+8 1
+1 1
+1 1
+1 1
+1 1
+2 1
+1 1
+1 1
+1 2

fl=(198) ./string/../sysdeps/x86_64/multiarch/strcmp-avx2.S
fn=(814) __strcmp_avx2
83 436812
+23 436812
+1 436812
+2 436812
+1 436812
+1 436812
+1 436812
+1 436812
+2 335115
+1 335115
+1 335115
+1 335115
+1 335115
+1 335115
+1 335115
+1 335115
+18 335115
+1 335115
+1 335115
+3 670230
656 28304
+2 28304
+1 8259
+1 8259
+1 8259
+9 8259
+1 8259
+3 8259
+1 8259
+3 1795
+4 43680
+36 79695
+1 79695
+4 79695
+11 79695
+1 79695
+1 79695
+2 159390
+10 101697
+1 101697
+2 44292
+1 44292
+1 44292
+1 44292
+1 44292
+1 44292
+1 44292
+15 57405
+1 57405
+1 14352
+1 14352
+1 14352
+1 14352
+1 14352
+1 14352
+1 14352
+17 43053
+1 43053
+1 11693
+1 11693
+1 11693
+1 11693
+1 11693
+1 11693
+2 11693
+1 11693
+1 11693
+2 33
+1 33
+10 33
+1 33
-1 31360
+1 31360
+1 9766
+1 9766
+1 9766
+1 9766
+1 9766
+1 9766
+2 9766
+1 9766
+1 9766
+2 375
+19 375
+1 375
+2 375
+1 375
-4 21627
+1 21627
+2 21627
+1 21627
+1 162
+1 324

fl=(97)
fn=(326)
29 2
fi=(92) ./string/../sysdeps/x86_64/multiarch/ifunc-memmove.h
+24 6
-1 4
+4 6
+14 4
+2 4
+8 4
+8 4
+2 10
fe=(97)

fl=(82)
fn=(292)
31 2
fi=(83)
+2 10
-1 4
+2 6
+2 4
+4 6
+3 8
fe=(82)
-12 2

fl=(111)
fn=(360)
31 2
fi=(112) ./wcsmbs/../sysdeps/x86_64/multiarch/ifunc-wmemset.h
+2 10
+1 6
+2 4
+8 6
+3 8
fe=(111)
-16 2

fl=(116)
fn=(376)
31 1
fi=(211) ./string/../sysdeps/x86_64/multiarch/ifunc-strcasecmp.h
+1 5
fe=(116)
-1 1

fl=(143)
fn=(462)
96 2
+5 1
-5 1
+5 1
-5 3
+5 3
cob=(2)
cfi=(51)
cfn=(450)
calls=1 0 
* 22
+2 4
cob=(2)
cfi=(51)
cfn=(450)
calls=1 0 
* 22
+2 4
cob=(2)
cfi=(51)
cfn=(450)
calls=1 0 
* 22
+2 4
cob=(2)
cfi=(51)
cfn=(450)
calls=1 0 
* 22
+2 4
cob=(2)
cfi=(51)
cfn=(450)
calls=1 0 
* 22
+4 3
+1 1
+1 6

fl=(140)
fn=(448)
50 2
+1 2
-1 4
+1 3
cob=(2)
cfi=(51)
cfn=(450)
calls=1 -51 
* 840
+2 4
cob=(2)
cfi=(51)
cfn=(450)
calls=1 -53 
* 23
+2 6

fl=(163) ./nptl/./nptl/libc-cleanup.c
fn=(570) __libc_cleanup_push_defer
24 42849
+3 85698
+3 171396
+1 42849
+2 42849
+1 42849

fn=(572) __libc_cleanup_pop_restore
39 42849
+3 85698
+2 85698
+1 85698
+2 42849

fl=(91)
fn=(312)
29 1
fi=(92)
+24 3
-1 2
+4 3
+14 2
+2 2
+8 2
+8 2
+2 5
fe=(91)

fl=(103)
fn=(342)
66 1
-25 4
+1 3
+2 2
+5 3
+3 3
+14 1

fl=(113)
fn=(364)
29 1
fi=(83)
+4 5
-1 2
+2 3
+2 2
+4 3
+3 4
fe=(113)
-14 1

fl=(152) ./stdlib/./stdlib/cxa_atexit.c
fn=(512) __cxa_atexit
69 18
-28 4
+2 12
+1 4
cfn=(514) __new_exitfn
calls=2 +38 
* 68
+2 4
+10 2
+2 2
-5 6
+3 2
-1 2
+4 4
+1 2
-1 4
+12 12

fn=(514)
82 2
+6 4
-6 8
+11 8
-10 4
+12 4
+1 5
-1 4
-2 1
+10 1
-10 3
+13 2
+25 1
+1 2
-1 2
+7 1
+5 1
-4 1
+4 4
-5 1
+5 1
-4 1
+4 4
-18 1
-1 1
+1 1

fl=(125)
fn=(400)
33 1
fi=(92)
+20 3
-1 2
+4 3
+14 2
+2 2
+8 2
+8 2
+2 5
fe=(125)

fl=(165) ./string/../string/strstr.c
fn=(580) __GI_strstr
77 16
+5 2
-5 6
+5 4
+2 8
cob=(2)
cfi=(51)
cfn=(582)
calls=2 -84 
* 46
* 2
+1 4
+44 2
+32 24

fl=(171)
fn=(612)
294 128532
+1 128532
+1 128532
+1 128532
+17 128532
+1 128532
+2 1
+1 1
+1 1
+38 128531
+1 128531
+2 86594
+1 86594
+2 85081
+4 85081
+1 23588
+1 23588
+1 23588
+1 23588
+1 19946
+1 19946
+2 19946
+2 19946
-2 3642
+2 3642
+6 61493
+1 61493
+1 61493
+1 61493
+1 61493
+7 41937
+1 41937
+1 41937
+1 41937
+2 41937
+17 1513
+1 1513
+1 1513
+1 1513
+1 1513
+7 1
+1 1
+1 1
+1 1
+1 1
+1 1
+1 2
+5 1
+1 1
+5 1
+1 1
+2 1
+1 1
+1 1

fn=(614)
307 2
+1 2
+6 2
+1 2
+2 2
+1 2
+1 2
438 2
+1 2
+5 1
+1 1
+24 1
+1 1
+4 1
+2 1
+4 1
+1 1
+11 1
+3 1
+2 1
+2 1
+4 1
+1 1
+9 1
+1 1
+2 1
+2 1
+1 1
+1 1
+3 1
+2 1
+2 1
+2 2
+6 1
+1 1
+1 1
+1 1
+1 1
+1 1
+1 1
+1 1
+1 1
+1 1
+1 1
+1 1
-11 9
+1 9
+1 9
+1 9
+1 9
+1 9
+1 9
+1 9
+1 9
+1 9
+1 9
+1 9
+2 1
+1 1
+1 1
+1 1
+2 1
+4 2
+58 1
+7 1
+1 1
+30 1
+1 1
+4 1
+2 1
+3 1
+4 1
+1 1
+3 1
+1 1
+24 1
+2 1
+2 1
+2 1
+3 1
+1 1
+2 102361
+3 1
+2 1
+2 2

fl=(156)
fn=(542)
313 1
fi=(155)
3162 3
fe=(156)
313 5
+5 1
fi=(155)
3162 2
cfi=(157) ./stdlib/../sysdeps/unix/sysv/linux/getrandom.c
cfn=(544) getrandom
calls=1 28 
* 9
* 2
fe=(156)
343 2
+4 3
fi=(155)
1966 4
+3 1
-3 1
+3 2
-3 2
+3 126
-3 126
+3 252
-3 252
fe=(156)
352 3
fi=(155)
1977 1
+1 1
+2 1
fe=(156)
352 1
cob=(2)
cfi=(51)
cfn=(450)
calls=1 0 
* 23
+1 4
cob=(2)
cfi=(51)
cfn=(450)
calls=1 0 
* 22
+1 4
cob=(2)
cfi=(51)
cfn=(450)
calls=1 0 
* 23
+1 4
cob=(2)
cfi=(51)
cfn=(450)
calls=1 0 
* 23
+1 4
cob=(2)
cfi=(51)
cfn=(450)
calls=1 0 
* 22
+1 4
cob=(2)
cfi=(51)
cfn=(450)
calls=1 0 
* 23
+1 4
cob=(2)
cfi=(51)
cfn=(450)
calls=1 0 
* 23
+2 4
cob=(2)
cfi=(51)
cfn=(450)
calls=1 0 
* 23
+1 4
cob=(2)
cfi=(51)
cfn=(450)
calls=1 0 
* 23
+1 4
cob=(2)
cfi=(51)
cfn=(450)
calls=1 0 
* 23
+3 4
cob=(2)
cfi=(51)
cfn=(450)
calls=1 0 
* 23
+1 4
cob=(2)
cfi=(51)
cfn=(450)
calls=1 0 
* 23
+1 2
+63 7

fl=(114)
fn=(368)
31 1
fi=(83)
+2 5
-1 2
+2 3
+2 2
+4 3
+3 4
fe=(114)
-12 1

fl=(85)
fn=(298)
65 2
-24 4
+1 2
-1 4
+1 4
+2 4
+5 6
+3 6
+13 2

fl=(107)
fn=(350)
29 2
fi=(100)
+7 4
+1 2
-1 4
+1 4
+2 4
+4 6
+3 6
fe=(107)
-17 2

fl=(161) ./libio/./libio/genops.c
fn=(718) _IO_sgetn
409 2
fi=(172)
940 3
fe=(161)
409 1
+2 1
fi=(172)
942 2
+1 2
fe=(161)
411 1
+1 2
-1 1
cfi=(162)
cfn=(720) _IO_file_xsgetn
calls=1 1272 
* 424

fn=(742) _IO_unsave_markers
960 2
+2 1
-2 1
+2 1
+5 3
+2 2

fn=(756) _IO_default_finish
601 3
+2 3
+6 3
+3 3
54 2
624 2

fn=(568) _IO_link_in
87 28
+1 4
-1 12
+1 12
+18 40
-16 2
+2 6
-2 2
+2 2
+1 2
-1 6
cfi=(163)
cfn=(570)
calls=2 -68 
* 20
+1 18
+2 2
-1 2
-1 4
+2 20
+5 2
-3 2
-2 4
+3 2
-1 2
+3 24
+1 2
+1 14
+1 4
cfi=(163)
cfn=(572)
calls=2 -64 
* 16
+3 2

fn=(562) _IO_no_init
563 20
+1 2
cfn=(564) _IO_old_init
calls=2 -33 
* 50
+1 2
+1 4
+2 2
+4 2
+7 2
+2 2
-9 10
+15 2
+1 12

fn=(604) _IO_setb
329 36
+1 18
+5 8
-3 4
+3 16
+3 17
-7 1
cob=(2)
cfi=(51)
cfn=(654)
calls=1 0 
* 129
+4 3

fn=(736) _IO_un_link
53 2
+1 4
+28 2
cfn=(738) __GI__IO_un_link.part.0
calls=1 -30 
* 104

fn=(738)
52 2
+7 1
-7 7
+6 6
cfi=(163)
cfn=(570)
calls=1 -34 
* 10
+1 9
+2 1
-1 1
-1 2
+2 10
+13 1
-13 1
+2 1
+13 1
-15 2
+15 1
-13 2
+3 1
-1 2
+1 1
+8 2
+2 11
+2 2
-1 1
+1 7
+1 2
cfi=(163)
cfn=(572)
calls=1 -40 
* 8
+3 9

fn=(608) _IO_default_xsputn
371 2
+3 4
-3 16
fi=(172)
940 2
fe=(161)
371 2
fi=(172)
940 2
fe=(161)
371 2
fi=(172)
940 2
fe=(161)
371 4
+26 1
+2 55
fi=(172)
942 34
+1 34
fe=(161)
399 68
cfi=(162)
cfn=(592) _IO_file_overflow@@GLIBC_2.2.5
calls=17 731 
* 578
* 34
+2 17
-22 93
+2 3
+3 2
+2 4
cob=(2)
cfi=(51)
cfn=(610)
calls=1 0 
* 26
+1 1
-1 1
+1 2
+17 2
-29 2
+29 14

fn=(652) _IO_free_backup_area
187 6
+1 4
+2 4
cob=(2)
cfi=(51)
cfn=(654)
calls=2 0 
* 12
+1 2
+1 2
-1 2
+3 4

fn=(722) __underflow
269 5
+1 4
+5 3
+3 1
173 1
278 2
+2 2
+6 2
+7 1
fi=(172)
940 3
+2 2
+1 2
fe=(161)
293 1
+1 1
-1 1
+1 2
-1 1
cfi=(162)
cfn=(724) _IO_file_underflow@@GLIBC_2.2.5
calls=1 461 
* 101
-2 3

fn=(726) _IO_switch_to_get_mode
164 5
+1 3
+3 3
+4 2
+1 2
+7 1
-4 1
+4 1
-2 2
+3 1
+1 4

fn=(564)
531 2
+3 2
-2 2
+2 2
+5 2
-7 2
+2 2
+10 2
-10 2
+16 2
-11 2
-5 2
+16 2
-16 2
+21 2
-16 10
+16 4
+1 4
+2 2

fn=(594) _IO_doallocbuf
343 3
+1 6
-1 9
+3 12
+1 3
fi=(172)
940 9
+2 6
+1 6
fe=(161)
347 6
cfi=(168) ./libio/./libio/filedoalloc.c
cfn=(596) _IO_file_doallocate
calls=3 78 
* 859
* 6
+3 12

fl=(175)
fn=(632)
30 1
+2 1
+9 1
+1 2
+1 1
+4 1
+1 1
+1 1
+1 1
+1 1
+2 2
+2 1
+1 1
+1 1
+2 2
+2 1
+5 1
+1 1
+17 1
cfi=(176) ./setjmp/./setjmp/sigjmp.c
cfn=(634) __sigjmp_save
calls=1 -56 
* 9

fl=(138)
fn=(444)
38 2
+1 7
+1 1

fl=(184) ./stdio-common/./stdio-common/vfprintf.c
fn=(680) vfprintf
22 42845
+1 85690
cfi=(185)
cfn=(682)
calls=42845 1180 
* 23165481

fl=(189)
fn=(710)
47 6
+3 6
+8 12
+2 3

fl=(80)
fn=(288)
86 1
fi=(81) ./string/../sysdeps/x86/cacheinfo.h
-25 1
+3 3
+2 1
+1 1
-1 2
+7 3
+2 1
+1 1
-1 2
+5 2
+2 2
+1 2
+1 2
+2 2
fe=(80)
* 2

fl=(162)
fn=(566) _IO_new_file_init_internal
106 2
+5 2
-5 4
+4 2
+3 2
cfi=(161)
cfn=(568)
calls=2 -26 
* 208
+1 2
+1 4

fn=(754) _IO_file_finish@@GLIBC_2.2.5
168 5
+1 2
+7 1
-1 2
+1 2
-1 1
cfi=(161)
cfn=(756)
calls=1 601 
* 16

fn=(724)
461 1
+4 3
-4 8
+7 2
+6 3
+3 2
+12 2
+9 2
fi=(172)
940 1
+2 1
-2 1
fe=(162)
505 2
cfi=(161)
cfn=(726)
calls=1 164 
* 25
+6 1
+5 1
-5 1
fi=(172)
942 2
fe=(162)
511 1
fi=(172)
942 1
fe=(162)
511 3
fi=(172)
943 2
fe=(162)
516 4
cfn=(664) _IO_file_read
calls=1 1130 
* 14
+2 2
+16 1
-9 1
+9 2
+1 2
+1 2
+1 8

fn=(574) _IO_file_fopen@@GLIBC_2.2.5
213 22
+9 4
+2 14
356 24
224 3
+23 29
+33 4
cfn=(576) _IO_file_open
calls=1 -98 
* 91
* 4
cfn=(576)
calls=1 -98 
* 94
* 2
+3 4
+3 6
cfi=(165)
cfn=(580)
calls=2 77 
* 114
* 2
+1 4
-40 2
-19 1
-1 1
-13 2

fn=(576)
182 4
+3 2
-3 14
+2 4
+4 2
cfi=(164) ./io/../sysdeps/unix/sysv/linux/open64.c
cfn=(578) open
calls=2 30 
* 71
* 2
+1 4
+3 4
+3 2
-4 2
+1 8
+3 4
+10 4
cfi=(161)
cfn=(568)
calls=2 87 
* 48
+1 2
+1 8

fn=(606) _IO_do_write@@GLIBC_2.2.5
423 42848
+2 128544
+1 2
-3 42846
fi=(172)
940 42846
fe=(162)
423 85692
fi=(172)
940 42846
fe=(162)
423 42846
fi=(172)
940 85692
fe=(162)
423 214230
+20 42846
-10 85692
+7 171384
fi=(172)
942 85692
+1 85692
fe=(162)
448 171384
cfn=(698) _IO_file_write@@GLIBC_2.2.5
calls=42846 1173 
* 1970916
* 42846
+1 214230
+2 42846
+4 85692
-3 85692
-1 85692
+4 128537
-2 42845
-28 171380
+1 342760
+27 1
-28 4
+1 8
+28 128537

fn=(598) _IO_file_stat
1146 4
+1 8
cfi=(169)
cfn=(600)
calls=4 29 
* 60

fn=(698)
1173 299922
+2 257076
+5 42846
cfi=(188) ./io/../sysdeps/unix/sysv/linux/write.c
cfn=(700) write
calls=42846 25 
* 385614
+1 85692
+5 42846
+1 42846
-12 85692
+4 128538
+1 85692
+10 128538
+3 257076
-4 128538

fn=(740) _IO_file_close_it@@GLIBC_2.2.5
128 4
+2 3
+4 2
+3 1
-3 1
-1 2
+6 1
+3 1
-3 1
cfi=(161)
cfn=(742)
calls=1 960 
* 10
+3 3
fi=(172)
940 3
+2 2
+1 2
fe=(162)
142 2
cfn=(744) _IO_file_close
calls=1 1164 
* 9
* 1
+3 3
+8 5
cfi=(161)
cfn=(604)
calls=1 329 
* 160
+1 1
+3 1
-3 3
+3 1
cfi=(161)
cfn=(736)
calls=1 53 
* 4
+5 1
-4 1
+1 1
+3 1
-2 1
+3 5

fn=(744)
1164 1
+3 2
cfi=(192) ./io/../sysdeps/unix/sysv/linux/close_nocancel.c
cfn=(746) __close_nocancel
calls=1 25 
* 6

fn=(592)
731 100
+1 80
+7 96
+37 18
-2 38
+3 34
+3 51
+1 51
+1 68
+4 17
+1 68
-45 4
+12 4
+9 6
+5 6
+2 4
-3 4
+3 2
+1 2
-6 2
+1 2
+5 8
+1 1
+2 2
+13 3
-12 3
+1 3
+11 6
-12 3
cfn=(606)
calls=3 423 
* 118
-31 4
cfi=(161)
cfn=(594)
calls=2 343 
* 631
+1 2
+9 2
-9 10

fn=(660) _IO_file_seek
1139 2
+1 4
cfi=(181) ./io/../sysdeps/unix/sysv/linux/lseek64.c
cfn=(662) lseek
calls=2 28 
* 12

fn=(694) _IO_file_sync@@GLIBC_2.2.5
792 214225
+5 171380
+1 128535
+1 42845
+1 85690
+11 85690
+4 171380
-17 85690
cfn=(606)
calls=42845 423 
* 4712950
* 85690

fn=(590)
1197 642665
+7 128533
-7 385599
+6 514132
+9 257066
-2 514132
+17 385593
+1 128529
+3 385587
+2 128531
+2 128531
+2 257062
-2 128531
+1 128531
+1 128531
-2 128531
cob=(2)
cfi=(51)
cfn=(610)
calls=128531 0 
* 2334795
* 128531
+4 257062
+28 1156797
-55 2
+4 2
-4 2
+1 4
+18 2
+12 2
fi=(172)
940 6
+2 4
+1 4
fe=(162)
1243 1
fi=(172)
940 3
+2 2
+1 2
fe=(162)
1243 9
cfn=(592)
calls=3 731 
* 875
* 6
+6 6
+1 21
+2 6
+11 9
+1 8
cfi=(161)
cfn=(608)
calls=2 371 
* 1007
+2 6
-48 18
-2 16
+4 1
+11 3
443 2

fn=(650) _IO_file_seekoff@@GLIBC_2.2.5
900 36
+8 8
-60 6
+66 6
+2 1
+1 2
+25 6
+23 1
fi=(172)
-25 3
+2 2
+1 2
fe=(162)
+22 3
cfn=(598)
calls=1 1146 
* 18
* 6
+2 2
-53 4
+3 4
+12 4
+3 3
+5 2
cfi=(161)
cfn=(594)
calls=1 343 
* 306
+1 2
+1 3
+3 2
+26 1
+7 2
cfi=(161)
cfn=(652)
calls=1 187 
* 18
* 2
cfi=(161)
cfn=(652)
calls=1 187 
* 18
+5 2
+1 2
-1 6
+1 2
+3 7
-1 1
+2 5
fi=(172)
-43 1
-2 2
fe=(162)
+57 2
fi=(172)
-55 1
-2 2
fe=(162)
+57 2
+4 4
+1 2
-1 4
+2 2
-2 2
+1 2
+1 4
+5 2
fi=(172)
-66 4
+1 4
fe=(162)
+65 6
cfn=(660)
calls=2 1139 
* 18
* 2
+1 4
+2 4
+4 1
fi=(172)
-73 2
+1 2
fe=(162)
+72 8
cfn=(664)
calls=1 1130 
* 14
+3 2
+11 1
-3 1
+3 1
-3 2
+4 1
-4 1
+3 2
-3 4
+5 2
-5 2
+4 1
-4 1
+3 2
-3 4
+5 2
+23 33
846 2
+4 1
-2 2
+2 1
+5 2
1006 2
879 2
+10 2
-10 1
-14 2
+1 3

fn=(664)
1130 3
+1 3
+2 3
-1 3
+1 6
cfi=(182)
cfn=(666)
calls=3 25 
* 24

fn=(720)
1272 10
+7 1
-7 1
+7 1
+11 1
fi=(172)
940 3
fe=(162)
1290 4
+2 3
+1 2
-1 6
+1 4
+8 4
+8 4
+9 6
+1 8
+18 2
+1 6
+3 3
fi=(172)
942 1
fe=(162)
1329 1
fi=(172)
942 1
fe=(162)
1329 2
fi=(172)
943 2
fe=(162)
1341 3
cfn=(664)
calls=1 1130 
* 14
+1 2
+12 1
-2 1
+1 1
+1 2
+1 2
-65 2
+5 3
cob=(2)
cfi=(51)
cfn=(728)
calls=1 0 
* 163
+1 3
+25 2
cfi=(161)
cfn=(722)
calls=1 269 
* 138
* 2
+39 9

fl=(108)
fn=(354)
31 1
fi=(211)
+1 5
fe=(108)
-1 1

fl=(185)
fn=(682)
1180 514152
+30 214230
+8 128539
+4 214230
+11 85692
+11 42846
fi=(212) ./stdio-common/./stdio-common/printf-parse.h
111 85692
fe=(185)
1244 214230
fi=(212)
111 42846
cob=(2)
cfi=(51)
cfn=(684)
calls=42846 0 
* 899766
fe=(185)
1259 42846
fi=(212)
111 42846
fe=(185)
1259 128538
239 42846
fi=(213) ./stdio-common/../libio/libioP.h
940 42846
fe=(185)
1263 42846
fi=(213)
942 42846
-2 42846
fe=(185)
1263 42846
fi=(213)
940 85692
+2 85692
+1 85692
fe=(185)
239 171384
cfi=(162)
cfn=(590)
calls=42846 1197 
* 2786253
* 85692
127 385614
1263 85692
+4 128538
+4 342744
1532 42843
1214 42843
+34 42843
-8 42843
1532 128529
+23 42843
-39 42843
+39 42843
-39 42843
+39 85686
1313 642645
+39 42843
-51 42843
-1 42843
-1 42843
-1 42843
+5 42843
1501 42843
fi=(212)
88 42843
fe=(185)
1352 42843
-46 42843
-4 42843
+50 42843
1501 42843
1295 42843
-1 42843
-1 42843
-1 42843
-1 42843
+16 85686
1608 85692
+1 85692
+3 514152
-4 385614
1218 85690
+41 171384
cfi=(163)
cfn=(570)
calls=42846 24 
* 428460
+1 556998
-1 85692
1609 85692
cfi=(163)
cfn=(572)
calls=42846 39 
* 342768
+2 42846
-47 41924
-47 922328
-33 1
-5 8
-1 1
+1 8
+37 11947
cfi=(186) ./stdio-common/./stdio-common/_itoa.c
cfn=(688) _itoa_word
calls=919 163 
* 47876
* 28489
192 1838
+47 919
fi=(213)
942 2757
+1 1838
fe=(185)
239 3676
cfi=(162)
cfn=(590)
calls=919 1197 
* 62485
* 1838
127 305415
1517 85686
-54 919
+53 1848
+73 42843
fi=(212)
111 42843
fe=(185)
1583 42843
fi=(212)
111 85686
cob=(2)
cfi=(51)
cfn=(684)
calls=42843 0 
* 899703
fe=(185)
239 42843
fi=(213)
942 42843
fe=(185)
1593 42843
fi=(212)
111 42843
fi=(213)
942 42843
fe=(185)
1593 42843
fi=(213)
942 42843
+1 85686
fe=(185)
239 171372
cfi=(162)
cfn=(590)
calls=42843 1197 
* 2618185
* 85686
127 556959
1593 85686
+2 128529
-79 18380
192 1838
1392 1836
1516 7350
+1 83848
cob=(2)
cfi=(51)
cfn=(816)
calls=41924 0 
* 671666
* 83848
-1 9180
239 41924
fi=(213)
942 125772
+1 83848
fe=(185)
239 167696
cfi=(162)
cfn=(590)
calls=41924 1197 
* 2781874
* 83848
127 251544
1516 1838

fl=(180) ./libio/./libio/ioseekoff.c
fn=(648) _IO_seekoff_unlocked
33 3
+1 6
-1 18
+10 12
+1 2
+15 3
fi=(214) ./libio/../libio/libioP.h
940 9
+2 6
+1 6
fe=(180)
59 3
+1 3
-1 6
+1 9
-1 3
cfi=(162)
cfn=(650)
calls=3 900 
* 681

fl=(195)
fn=(782)
26 14
+4 6
+7 8
+2 10

fl=(168)
fn=(596)
78 27
+6 12
fi=(172)
940 9
+2 6
+1 6
fe=(168)
84 9
cfi=(162)
cfn=(598)
calls=3 1146 
* 54
* 6
+2 12
+11 12
+4 6
cob=(2)
cfi=(51)
cfn=(536)
calls=3 0 
* 568
* 3
+1 6
+2 12
cfi=(161)
cfn=(604)
calls=3 329 
* 72
+1 3
+1 24
-15 1
fi=(215) ./libio/../include/sys/sysmacros.h
-44 6
fe=(168)
+44 1
-2 2
+5 2

fl=(191) ./libio/./libio/iofclose.c
fn=(734) fclose@@GLIBC_2.2.5
34 5
+14 3
fi=(172)
883 2
+1 3
fe=(191)
57 1
fi=(172)
940 3
+2 2
+1 2
fe=(191)
57 3
cfi=(162)
cfn=(754)
calls=1 168 
* 29
+1 3
+13 2
fi=(172)
855 4
+1 4
+6 2
cob=(2)
cfi=(51)
cfn=(654)
calls=1 0 
* 91
fe=(191)
76 5
-27 1
cfi=(161)
cfn=(736)
calls=1 +4 
* 108
+2 12
+1 1
-1 2
fi=(172)
883 2
fe=(191)
52 2
+1 2
cfi=(162)
cfn=(740)
calls=1 +75 
* 236
fi=(172)
883 1
fe=(191)
53 1
fi=(172)
883 2
+1 4
fe=(191)

fl=(104)
fn=(344)
31 1
fi=(211)
+1 5
fe=(104)
-1 1

fl=(187) ./libio/./libio/iofflush.c
fn=(692) fflush
32 42845
+1 85690
-1 128535
+7 599830
+1 42845
fi=(172)
940 128535
+2 85690
+1 85690
fe=(187)
40 85690
cfi=(162)
cfn=(694)
calls=42845 792 
* 5784075
* 85690
fi=(172)
883 85690
+1 385605
fe=(187)
44 214225

fl=(196) ./string/../sysdeps/x86_64/multiarch/strcpy-avx2.S
fn=(794) __strcpy_avx2
53 47410
+6 47410
+2 47410
+5 47410
+2 47410
+1 47410
+1 47410
+2 23377
+1 23377
+2 23377
+1 23377
+1 23377
+14 23377
+1 23377
+2 3012
+1 3012
+7 3012
+1 3012
304 24033
+1 24033
+1 24033
+1 24033
+10 24033
+1 24033
+31 20365
+2 20365
+2 20365
+1 20365
-3 24033
+2 24033
+1 24033
-1 3012
+1 3012
+1 47410
+1 47410
+1 47408
+1 47408
+1 44358
+1 44358
+1 22144
+1 22144
+1 10285
+1 10285
+1 2741
+24 3012
+1 3012
+1 3012
+1 3012
+1 3012
549 2741
+1 2741
+9 5482
+4 7544
+1 7544
+1 7544
+9 15088
+4 11859
+1 11859
+9 23718
+4 22214
+1 22214
+1 22214
+1 22214
+10 44428
+4 3050
+1 3050
+1 3050
+1 3050
+10 6100
+4 2
+1 2
+1 2
+1 2
+10 4

fl=(186)
fn=(688)
163 1838
+3 3676
+2 1838
+9 38686
+9 1838

fl=(183) ./libio/./libio/ioftell.c
fn=(672) ftell
34 5
+3 13
+1 5
cfi=(180)
cfn=(648)
calls=1 -5 
* 70
+1 1
fi=(172)
883 2
fe=(183)
39 2
fi=(172)
884 5
fe=(183)
45 2
+12 4
fi=(172)
883 2
+1 4
fe=(183)

fl=(166)
fn=(584)
51 2
+2 2
+1 2
+1 2
+1 2
+1 2
+3 2
+1 2
+4 2
+1 2
+1 2
+1 2
+1 2
+1 2
+1 2
+1 2
+3 2
+1 2
+23 2
+1 4

fn=(686)
51 85689
+2 85689
+1 85689
+1 85689
+1 85689
+1 85689
+3 85689
+1 85689
+4 85689
+1 85689
+1 85689
+1 85689
+1 85689
+1 85689
+1 85689
+1 85689
+6 85689
+1 171378

fl=(159)
fn=(558)
37 6
+6 3
-6 3
+3 3
-3 6
+3 3
+3 3
+20 1
+15 15
-20 6
+1 2
cfi=(160)
cfn=(560)
calls=1 -24 
* 9
* 2
+4 1
-1 6
+4 8
+8 2
cfi=(160)
cfn=(560)
calls=2 -39 
* 18
* 4

fl=(86)
fn=(300)
29 1
fi=(87) ./wcsmbs/../sysdeps/x86_64/multiarch/ifunc-wcslen.h
+5 4
-1 2
+2 3
+2 2
+4 3
+3 3
fe=(86)
-15 1

fl=(98)
fn=(330)
30 1
fi=(94)
+3 5
-1 2
+2 3
+2 2
+4 3
+3 4
fe=(98)
-13 1

fl=(179) ./libio/./libio/fseek.c
fn=(646) fseek
32 18
+3 26
+1 10
cfi=(180)
cfn=(648)
calls=2 -3 
* 700
* 8
fi=(172)
883 4
+1 20
fe=(179)
39 12

fl=(190) ./libio/./libio/iofread.c
fn=(716) fread
31 5
+1 1
-1 1
+1 1
-1 2
+4 2
+2 17
+1 4
cfi=(161)
cfn=(718)
calls=1 409 
* 439
fi=(172)
883 2
+1 10
fe=(190)
40 2
+1 9

ob=(5)
fl=(178) /home/witcherok/Programming/++/Hash-Table/text_buffers.cpp
fn=(766) FillWordsBuf(TextBuf*, WordsBuf*)
7 6
+1 1
+1 1
+2 1
+2 396050
+1 79210
+2 192504
-2 1540032
cob=(3)
cfi=(194) ./ctype/./ctype/ctype.c
cfn=(770) isalpha
calls=192504 +13 
* 1347528
* 192504
* 633680
cob=(3)
cfi=(194)
cfn=(770)
calls=79210 +13 
* 554470
* 79210
* 543428
+5 396050
+1 79210
+2 158420
+1 712310
cfn=(772) WordToBuf(WordsBuf*, char const*)
calls=47410 +45 
* 1439613
-12 316844
+15 7
+2 8
cob=(3)
cfi=(155)
cfn=(776)
calls=1 3400 
* 128
* 1
* 1
+1 2
+1 3
+1 4
+2 3

fn=(772)
68 284460
+1 284460
+2 72
cfi=(153) /home/witcherok/Programming/++/Hash-Table/includes/logging/logging.cpp
cfn=(676) log(char const*, ...)
calls=9 +41 
* 7929
+1 81
cob=(3)
cfi=(155)
cfn=(776)
calls=9 3400 
* 103943
* 9
* 9
+1 18
+1 27
+1 45
+3 72
+1 45
+1 27
-2 379208
+1 237005
+1 142203

fn=(640) OpenReadFile(char const*)
36 5
+1 5
cob=(3)
cfi=(154) ./libio/./libio/iofopen.c
cfn=(534) fopen@@GLIBC_2.2.5
calls=1 +48 
* 614
* 1
* 1
+2 2
+7 1
+1 2

fn=(712) TextToBuffer(_IO_FILE*, TextBuf*)
50 6
+1 8
cob=(3)
cfi=(190)
cfn=(716)
calls=1 -20 
* 497
* 1
* 1
+1 2
+2 1
+1 2

fn=(638) ReadFile(char const*, TextBuf*)
98 6
+1 3
cfn=(640)
calls=1 -63 
* 631
* 1
+2 3
cfn=(642) GetFileSize(_IO_FILE*)
calls=1 -18 
* 1856
* 2
+2 5
cob=(3)
cfi=(155)
cfn=(706)
calls=1 3624 
* 303
* 1
* 1
+1 2
+2 3
+2 5
cfn=(712)
calls=1 -58 
* 518
+2 3
cob=(3)
cfi=(191)
cfn=(734)
calls=1 -76 
* 538
* 1
+2 1
+1 2

fn=(642)
83 5
+1 2
+2 5
cob=(3)
cfi=(179)
cfn=(646)
calls=1 -54 
* 583
* 1
+2 3
cob=(3)
cfi=(183)
cfn=(672)
calls=1 -54 
* 115
* 1
* 1
+2 5
cob=(3)
cfi=(179)
cfn=(646)
calls=1 -58 
* 215
* 1
+2 6
cfi=(153)
cfn=(676)
calls=1 +20 
* 910
+2 1
+1 2

fn=(758) WordsBufCtor(WordsBuf*)
58 5
+1 3
cob=(3)
cfi=(155)
cfn=(706)
calls=1 3624 
* 272
* 1
* 1
+1 2
+2 3
+1 2
+1 2
+1 3

fn=(784) FillAVXWordsBuf(AVXWordsBuf*, WordsBuf*)
132 6
+1 6
cob=(3)
cfi=(155)
cfn=(788)
calls=1 3520 
* 353
* 1
* 1
+1 2
+3 3
+1 3
+2 2
+2 474100
cob=(3)
cfi=(196)
cfn=(794)
calls=47410 -89 
* 1420065
* 47410
+1 47410
-3 237054
+6 4
cfi=(153)
cfn=(676)
calls=1 -34 
* 446
+2 3
+1 4
+1 4
+2 3

fl=(150)
fn=(618) atexit
0 4
cob=(3)
cfi=(152)
cfn=(512)
calls=1 69 
0 75
0 1

fn=(508)
0 12
cob=(3)
cfi=(151) ./csu/../csu/libc-start.c
cfn=(510) __libc_start_main@@GLIBC_2.34
calls=1 242 
0 76324709

fn=(832) 0x0000000000003520
0 10884
cfi=(177) /home/witcherok/Programming/++/Hash-Table/hash-table.cpp
cfn=(834) avx_strcmp
calls=907 313 
0 26304
0 9067

fn=(520) 0x0000000000001290
0 12

fl=(153)
fn=(526) _GLOBAL__sub_I__Z8open_logv
124 6
cfn=(528) __static_initialization_and_destruction_0(int, int)
calls=1 * 
* 2917
* 2

fn=(676)
112 642675
+4 257070
+2 257070
cob=(3)
cfi=(184)
cfn=(680)
calls=42845 -96 
* 23294016
* 42845
+2 128535
cob=(3)
cfi=(187)
cfn=(692)
calls=42845 -88 
* 7840635
* 42845
+4 257070

fn=(528)
124 10
3 1
cfn=(530) open_log()
calls=1 +4 
* 2902
* 1
124 3

fn=(530)
7 4
+1 5
cob=(3)
cfi=(154)
cfn=(534)
calls=1 +77 
* 2224
* 1
* 1
+2 2
+6 7
cob=(3)
cfi=(167)
cfn=(588)
calls=1 +15 
* 571
* 1
+2 3
cfi=(150)
cfn=(618)
calls=1 -18 
* 80
+2 1
+1 2

fl=(177)
fn=(798) HTableCtor(hashtable*, unsigned long, unsigned long (*)(char const*))
197 7
+1 4
cob=(3)
cfi=(155)
cfn=(706)
calls=1 3624 
* 237
* 1
* 1
+2 2
+2 3
+1 3
+1 3
+1 3

fn=(834)
313 6349
+1 5442
fi=(216) /usr/lib/gcc/x86_64-linux-gnu/11/include/avx2intrin.h
-81 2721
fe=(177)
+81 2721
fi=(216)
435 2721
fe=(177)
316 3628
+2 2
+3 906
+1 1814

fn=(804) InsertWord(hashtable*, char const*, long long __vector(4)*)
100 379280
+1 94820
+1 94820
+5 237050
cfi=(197) /home/witcherok/Programming/++/Hash-Table/hash_functions.cpp
cfn=(806) Hash_ROL(char const*)
calls=47410 -76 
* 8746044
* 237050
+3 331870
+2 94820
+2 2620872
cob=(3)
cfi=(198)
cfn=(814)
calls=436812 -31 
* 9808117
* 436812
* 873624
+2 251544
cfi=(153)
cfn=(676)
calls=41924 -4 
* 31961860
+1 83848
+2 1184664
-7 3933272
+10 38402
+1 54860
cfn=(810) NewNode(char const*, long long __vector(4)*)
calls=5486 +63 
* 1305827
* 5486
+1 43888
+1 43888
+2 5486
+1 142230

fn=(810)
186 32916
+1 16458
cob=(3)
cfi=(155)
cfn=(706)
calls=5486 3624 
* 1185135
* 5486
* 5486
+1 10972
+2 16458
+1 16458
+2 5486
+1 10972

fn=(796) TestSearching(WordsBuf*, AVXWordsBuf*, unsigned long (*)(char const*))
56 10
+1 3
+2 5
cfn=(798)
calls=1 197 
* 264
+2 6
cfn=(800) FillHTable(hashtable*, WordsBuf*, AVXWordsBuf*)
calls=1 285 
* 64344244
+3 4
cfi=(153)
cfn=(676)
calls=1 +48 
* 446
+2 7
cob=(3)
cfi=(200)
cfn=(822)
calls=1 -38 
* 2228
* 1
+2 1
cob=(3)
cfi=(201)
cfn=(826)
calls=1 -43 
* 35
* 1
* 1
+2 2
+3 2
+2 15419
cfn=(830) SearchWord(hashtable*, char const*, long long __vector(4)*)
calls=907 +56 
* 1058912
-2 6348
-3 2

fn=(636) main
22 7
+1 2
+2 5
cfi=(178)
cfn=(638)
calls=1 +73 
* 3885
+2 3
+1 3
cfi=(178)
cfn=(758)
calls=1 +30 
* 294
+2 3
+2 5
cfi=(178)
cfn=(766)
calls=1 -25 
* 8661229
+2 5
cfi=(178)
cfn=(784)
calls=1 +98 
* 2226880
+1 4
cfi=(153)
cfn=(676)
calls=1 +77 
* 446
+13 6
cfn=(796)
calls=1 +8 
* 65427941

fn=(800)
285 7
+1 5
cfi=(153)
cfn=(676)
calls=1 112 
* 869
+2 4
cfn=(802) HTableResize(hashtable*, unsigned long)
calls=1 +15 
* 160
+2 2
+2 2874
-2 2399
+5 2
+2 379280
+1 711150
cfn=(804)
calls=47410 100 
* 63010434
-3 237054
+5 4

fn=(802)
303 6
+1 8
cob=(3)
cfi=(155)
cfn=(776)
calls=1 3400 
* 133
* 1
* 1
+1 2
+2 3
+1 3
+1 3

fn=(830)
131 6349
+1 1814
+1 1814
+7 4535
cfi=(197)
cfn=(806)
calls=907 31 
* 177456
* 4535
+1 5442
cfi=(153)
cfn=(676)
calls=907 -29 
* 789855
+3 7256
+2 907
+2 9070
cfi=(150)
cfn=(832)
calls=907 0 
* 46255
* 906
+6 906
+1 1812

fl=(197)
fn=(806)
31 241585
+5 48317
+1 48317
+1 48317
+16 785736
cfn=(808) Rol(unsigned long, int)
calls=196434 +8 
* 3928680
* 1767906
+2 196434
-18 1713257
+20 48317
+1 96634

fn=(808)
62 982170
+1 2553642
+1 392868

ob=(3)
fl=(190)
fn=(716)
40 2

fl=(149)
fn=(504)
83 1
+1 4
+1 3
+1 3
+2 1

fl=(176)
fn=(634)
28 3
+2 2
-1 1
+5 3

fl=(127)
fn=(406)
31 1
fi=(123)
+4 5
-1 2
+2 3
+5 2
-3 2
+9 3
+3 4
fe=(127)
-19 1

fl=(192)
fn=(746)
25 1
+1 4
+1 1

fl=(117)
fn=(378)
29 2
fi=(83)
+4 10
-1 4
+2 6
+2 4
+4 6
+3 8
fe=(117)
-14 2

fl=(181)
fn=(662)
28 2
+8 8
+2 2

fl=(99)
fn=(334)
31 1
fi=(100)
+5 2
+1 1
-1 2
+1 2
+2 2
+4 3
+3 3
fe=(99)
-15 1

fl=(188)
fn=(700)
25 42846
+1 299922
+1 42846

fl=(157)
fn=(544)
28 1
+1 7
+1 1

fl=(194)
fn=(770)
27 1901998

fl=(126)
fn=(404)
31 1
fi=(211)
+1 5
fe=(126)
-1 1

fl=(101)
fn=(338)
31 2
fi=(102) ./wcsmbs/../sysdeps/x86_64/multiarch/ifunc-evex.h
+4 10
-1 4
+2 6
+5 4
-3 4
+9 6
+3 8
fe=(101)
-19 2

fl=(199)
fn=(818)
50 41924
+13 41924
+1 41924
+1 41924
+3 41924
+2 41924
+1 41924
+3 41609
+1 41609
+8 41609
+1 41609
+1 41609
+5 83218
+26 36
+13 36
+1 36
+1 36
+6 72
+97 36
+6 36
+1 36
+1 36
509 315
+1 315
+1 315
+3 315
+15 315
+1 315
+1 279
+7 558

fl=(90)
fn=(308)
29 1
fi=(87)
+5 4
-1 2
+2 3
+2 2
+4 3
+3 3
fe=(90)
-15 1

fl=(105)
fn=(346)
29 1
fi=(209)
+1 5
fe=(105)
-1 1

fl=(124)
fn=(398)
29 1
fi=(209)
+1 5
fe=(124)
-1 1

fl=(151)
fn=(510)
242 12
343 3
+1 3
cfi=(152)
cfn=(512)
calls=1 69 
* 71
+25 6
+6 2
-3 2
+10 2
cob=(2)
cfi=(51)
cfn=(622)
calls=1 0 
* 836
+2 2
+8 4
cfi=(173) ./csu/../sysdeps/nptl/libc_start_call_main.h
cfn=(628) (below main)
calls=1 29 
* 76320778
128 2
+6 3
+1 6
cob=(2)
cfi=(51)
cfn=(516)
calls=1 0 
* 7
* 1
+3 1
+1 2
+3 2
+1 2
-1 1
+2 9
+1 4
cob=(5)
cfi=(153)
cfn=(526)
calls=1 -21 
* 2925
* 4
cob=(5)
cfi=(150)
cfn=(520)
calls=1 0 
* 12
-1 7

fl=(164)
fn=(578)
30 4
+3 2
-3 16
+3 8
+8 20
+2 14
-7 2
+1 1
-1 3
+2 1

fl=(173)
fn=(628)
29 4
+15 1
-15 5
+15 1
cfi=(174)
cfn=(630)
calls=1 -16 
* 34
* 1
+2 2
+5 2
+1 2
+3 2
+3 6
cob=(5)
cfi=(177)
cfn=(636)
calls=1 -36 
* 76320718

fl=(137)
fn=(442)
29 1
+2 7
+2 4
+2 4
+1 1

fl=(154)
fn=(534)
85 12
-20 2
+20 4
-20 2
cob=(2)
cfi=(51)
cfn=(536)
calls=2 -65 
* 1991
+2 6
+3 2
+2 4
-2 2
+2 10
cfi=(161)
cfn=(562)
calls=2 563 
* 110
+1 2
+1 2
-1 2
+1 2
cfi=(162)
cfn=(566)
calls=2 +32 
* 226
+1 10
cfi=(162)
cfn=(574)
calls=2 213 
* 427
* 4
-38 4
+50 14

ob=(4)
fl=(145)
fn=(490)
0 5

fn=(482)
0 12

totals: 76489864
